-20 3.83415e+19 131.804 7.819e-12 -7.81895e-12 7.81895e-12 1.87071e-06 9.98957e-06 2.23745e-31 0.999988 0 0 
-19.9373 4.08207e+19 149.4 7.34412e-12 -7.34408e-12 7.34408e-12 1.99167e-06 1.06355e-05 2.87473e-31 0.999987 0 0 
-19.8747 4.34603e+19 169.346 6.89809e-12 -6.89804e-12 6.89804e-12 2.12045e-06 1.13232e-05 3.69354e-31 0.999987 0 0 
-19.812 4.62704e+19 191.954 6.47914e-12 -6.4791e-12 6.4791e-12 2.25756e-06 1.20554e-05 4.74557e-31 0.999986 0 0 
-19.7494 4.92623e+19 217.581 6.08564e-12 -6.08559e-12 6.08559e-12 2.40353e-06 1.28349e-05 6.09725e-31 0.999985 0 0 
-19.6867 5.24477e+19 246.628 5.71604e-12 -5.71599e-12 5.71599e-12 2.55894e-06 1.36648e-05 7.83392e-31 0.999984 0 0 
-19.6241 5.5839e+19 279.554 5.36888e-12 -5.36884e-12 5.36884e-12 2.72441e-06 1.45483e-05 1.00652e-30 0.999983 0 0 
-19.5614 5.94496e+19 316.876 5.04281e-12 -5.04276e-12 5.04276e-12 2.90057e-06 1.5489e-05 1.29321e-30 0.999982 0 0 
-19.4987 6.32937e+19 359.179 4.73654e-12 -4.7365e-12 4.7365e-12 3.08812e-06 1.64905e-05 1.66156e-30 0.99998 0 0 
-19.4361 6.73863e+19 407.131 4.44888e-12 -4.44883e-12 4.44883e-12 3.28779e-06 1.75568e-05 2.13481e-30 0.999979 0 0 
-19.3734 7.17436e+19 461.484 4.17868e-12 -4.17863e-12 4.17863e-12 3.50038e-06 1.8692e-05 2.74287e-30 0.999978 0 0 
-19.3108 7.63826e+19 523.094 3.9249e-12 -3.92485e-12 3.92485e-12 3.72672e-06 1.99007e-05 3.52412e-30 0.999976 0 0 
-19.2481 8.13216e+19 592.928 3.68652e-12 -3.68648e-12 3.68648e-12 3.96768e-06 2.11874e-05 4.52789e-30 0.999975 0 0 
-19.1855 8.65799e+19 672.086 3.46263e-12 -3.46258e-12 3.46258e-12 4.22423e-06 2.25574e-05 5.81755e-30 0.999973 0 0 
-19.1228 9.21783e+19 761.812 3.25233e-12 -3.25229e-12 3.25229e-12 4.49737e-06 2.40159e-05 7.47456e-30 0.999971 0 0 
-19.0602 9.81386e+19 863.516 3.05481e-12 -3.05476e-12 3.05476e-12 4.78817e-06 2.55688e-05 9.60352e-30 0.99997 0 0 
-18.9975 1.04484e+20 978.797 2.86928e-12 -2.86923e-12 2.86923e-12 5.09776e-06 2.72221e-05 1.23389e-29 0.999968 0 0 
-18.9348 1.1124e+20 1109.47 2.69502e-12 -2.69497e-12 2.69497e-12 5.42738e-06 2.89822e-05 1.58533e-29 0.999966 0 0 
-18.8722 1.18433e+20 1257.59 2.53134e-12 -2.5313e-12 2.5313e-12 5.77831e-06 3.08562e-05 2.03688e-29 0.999963 0 0 
-18.8095 1.26091e+20 1425.48 2.37761e-12 -2.37756e-12 2.37756e-12 6.15193e-06 3.28513e-05 2.61704e-29 0.999961 0 0 
-18.7469 1.34244e+20 1615.78 2.23321e-12 -2.23316e-12 2.23316e-12 6.5497e-06 3.49754e-05 3.36244e-29 0.999958 0 0 
-18.6842 1.42925e+20 1831.49 2.09758e-12 -2.09753e-12 2.09753e-12 6.97319e-06 3.72369e-05 4.32015e-29 0.999956 0 0 
-18.6216 1.52166e+20 2076 1.97019e-12 -1.97014e-12 1.97014e-12 7.42407e-06 3.96445e-05 5.55064e-29 0.999953 0 0 
-18.5589 1.62005e+20 2353.15 1.85053e-12 -1.85049e-12 1.85049e-12 7.90409e-06 4.22079e-05 7.13161e-29 0.99995 0 0 
-18.4962 1.72481e+20 2667.31 1.73814e-12 -1.7381e-12 1.7381e-12 8.41515e-06 4.49369e-05 9.16288e-29 0.999947 0 0 
-18.4336 1.83633e+20 3023.4 1.63258e-12 -1.63254e-12 1.63254e-12 8.95926e-06 4.78424e-05 1.17727e-28 0.999943 0 0 
-18.3709 1.95507e+20 3427.03 1.53343e-12 -1.53339e-12 1.53339e-12 9.53854e-06 5.09358e-05 1.51259e-28 0.99994 0 0 
-18.3083 2.08149e+20 3884.54 1.4403e-12 -1.44026e-12 1.44026e-12 1.01553e-05 5.42291e-05 1.94341e-28 0.999936 0 0 
-18.2456 2.21608e+20 4403.14 1.35283e-12 -1.35278e-12 1.35278e-12 1.08119e-05 5.77354e-05 2.49694e-28 0.999931 0 0 
-18.183 2.35937e+20 4990.96 1.27067e-12 -1.27062e-12 1.27062e-12 1.15109e-05 6.14684e-05 3.20813e-28 0.999927 0 0 
-18.1203 2.51192e+20 5657.26 1.1935e-12 -1.19345e-12 1.19345e-12 1.22552e-05 6.54427e-05 4.12188e-28 0.999922 0 0 
-18.0576 2.67434e+20 6412.52 1.12102e-12 -1.12097e-12 1.12097e-12 1.30476e-05 6.9674e-05 5.2959e-28 0.999917 0 0 
-17.995 2.84727e+20 7268.6 1.05294e-12 -1.05289e-12 1.05289e-12 1.38912e-05 7.41788e-05 6.80429e-28 0.999912 0 0 
-17.9323 3.03137e+20 8238.97 9.8899e-13 -9.88943e-13 9.88943e-13 1.47893e-05 7.89748e-05 8.74231e-28 0.999906 0 0 
-17.8697 3.22738e+20 9338.88 9.28927e-13 -9.28881e-13 9.28881e-13 1.57455e-05 8.40809e-05 1.12323e-27 0.9999 0 0 
-17.807 3.43606e+20 10585.6 8.72512e-13 -8.72466e-13 8.72466e-13 1.67635e-05 8.95171e-05 1.44315e-27 0.999894 0 0 
-17.7444 3.65823e+20 11998.8 8.19524e-13 -8.19478e-13 8.19478e-13 1.78473e-05 9.53047e-05 1.85419e-27 0.999887 0 0 
-17.6817 3.89477e+20 13600.7 7.69754e-13 -7.69707e-13 7.69707e-13 1.90012e-05 0.000101467 2.38231e-27 0.99988 0 0 
-17.619 4.1466e+20 15416.4 7.23006e-13 -7.2296e-13 7.2296e-13 2.02297e-05 0.000108027 3.06083e-27 0.999872 0 0 
-17.5564 4.41472e+20 17474.5 6.79098e-13 -6.79052e-13 6.79052e-13 2.15376e-05 0.000115011 3.93262e-27 0.999863 0 0 
-17.4937 4.70017e+20 19807.3 6.37856e-13 -6.3781e-13 6.3781e-13 2.293e-05 0.000122446 5.0527e-27 0.999855 0 0 
-17.4311 5.00408e+20 22451.6 5.9912e-13 -5.99073e-13 5.99073e-13 2.44125e-05 0.000130363 6.4918e-27 0.999845 0 0 
-17.3684 5.32763e+20 25448.9 5.62735e-13 -5.62689e-13 5.62689e-13 2.59908e-05 0.000138791 8.34078e-27 0.999835 0 0 
-17.3058 5.67211e+20 28846.3 5.28561e-13 -5.28515e-13 5.28515e-13 2.76711e-05 0.000147764 1.07164e-26 0.999825 0 0 
-17.2431 6.03886e+20 32697.2 4.96462e-13 -4.96416e-13 4.96416e-13 2.946e-05 0.000157316 1.37686e-26 0.999813 0 0 
-17.1805 6.42932e+20 37062.3 4.66313e-13 -4.66266e-13 4.66266e-13 3.13645e-05 0.000167487 1.76901e-26 0.999801 0 0 
-17.1178 6.84502e+20 42010 4.37995e-13 -4.37948e-13 4.37948e-13 3.33922e-05 0.000178314 2.27284e-26 0.999788 0 0 
-17.0551 7.28761e+20 47618.3 4.11396e-13 -4.1135e-13 4.1135e-13 3.55509e-05 0.000189842 2.92018e-26 0.999775 0 0 
-16.9925 7.7588e+20 53975.2 3.86413e-13 -3.86367e-13 3.86367e-13 3.78491e-05 0.000202114 3.75188e-26 0.99976 0 0 
-16.9298 8.26046e+20 61180.8 3.62948e-13 -3.62901e-13 3.62901e-13 4.02958e-05 0.00021518 4.82045e-26 0.999745 0 0 
-16.8672 8.79456e+20 69348.3 3.40907e-13 -3.40861e-13 3.40861e-13 4.29007e-05 0.00022909 6.19336e-26 0.999728 0 0 
-16.8045 9.36319e+20 78606.1 3.20205e-13 -3.20159e-13 3.20159e-13 4.56739e-05 0.000243899 7.95727e-26 0.99971 0 0 
-16.7419 9.96857e+20 89099.7 3.00761e-13 -3.00714e-13 3.00714e-13 4.86263e-05 0.000259665 1.02236e-25 0.999692 0 0 
-16.6792 1.06131e+21 100994 2.82497e-13 -2.82451e-13 2.82451e-13 5.17695e-05 0.000276449 1.31353e-25 0.999672 0 0 
-16.6165 1.12993e+21 114476 2.65343e-13 -2.65296e-13 2.65296e-13 5.51158e-05 0.000294319 1.68762e-25 0.999651 0 0 
-16.5539 1.20299e+21 129758 2.4923e-13 -2.49184e-13 2.49184e-13 5.86784e-05 0.000313343 2.16826e-25 0.999628 0 0 
-16.4912 1.28076e+21 147080 2.34096e-13 -2.3405e-13 2.3405e-13 6.24711e-05 0.000333596 2.78578e-25 0.999604 0 0 
-16.4286 1.36357e+21 166715 2.19881e-13 -2.19835e-13 2.19835e-13 6.65088e-05 0.000355157 3.57916e-25 0.999578 0 0 
-16.3659 1.45173e+21 188970 2.0653e-13 -2.06484e-13 2.06484e-13 7.08074e-05 0.000378112 4.59849e-25 0.999551 0 0 
-16.3033 1.54559e+21 214196 1.93989e-13 -1.93943e-13 1.93943e-13 7.53838e-05 0.000402549 5.90811e-25 0.999522 0 0 
-16.2406 1.64552e+21 242790 1.8221e-13 -1.82164e-13 1.82164e-13 8.02557e-05 0.000428565 7.59068e-25 0.999491 0 0 
-16.1779 1.75191e+21 275200 1.71147e-13 -1.711e-13 1.711e-13 8.54423e-05 0.000456262 9.75241e-25 0.999458 0 0 
-16.1153 1.86517e+21 311936 1.60755e-13 -1.60709e-13 1.60709e-13 9.09639e-05 0.000485747 1.25298e-24 0.999423 0 0 
-16.0526 1.98575e+21 353577 1.50995e-13 -1.50948e-13 1.50948e-13 9.68421e-05 0.000517137 1.6098e-24 0.999386 0 0 
-15.99 2.11414e+21 400775 1.41827e-13 -1.41781e-13 1.41781e-13 0.0001031 0.000550554 2.06824e-24 0.999346 0 0 
-15.9273 2.25081e+21 454273 1.33216e-13 -1.3317e-13 1.3317e-13 0.000109762 0.000586129 2.65722e-24 0.999304 0 0 
-15.8647 2.39633e+21 514913 1.25128e-13 -1.25082e-13 1.25082e-13 0.000116854 0.000624 3.41393e-24 0.999259 0 0 
-15.802 2.55125e+21 583646 1.17531e-13 -1.17485e-13 1.17485e-13 0.000124404 0.000664317 4.38611e-24 0.999211 0 0 
-15.7393 2.71618e+21 661554 1.10396e-13 -1.1035e-13 1.1035e-13 0.000132441 0.000707237 5.63511e-24 0.99916 0 0 
-15.6767 2.89177e+21 749860 1.03694e-13 -1.03648e-13 1.03648e-13 0.000140997 0.000752926 7.23977e-24 0.999106 0 0 
-15.614 3.07871e+21 849952 9.73991e-14 -9.73528e-14 9.73528e-14 0.000150106 0.000801565 9.30134e-24 0.999048 0 0 
-15.5514 3.27773e+21 963404 9.14865e-14 -9.14402e-14 9.14401e-14 0.000159802 0.000853343 1.19499e-23 0.998987 0 0 
-15.4887 3.48962e+21 1.092e+06 8.5933e-14 -8.58866e-14 8.58866e-14 0.000170124 0.000908462 1.53526e-23 0.998921 0 0 
-15.4261 3.7152e+21 1.23775e+06 8.07167e-14 -8.06704e-14 8.06704e-14 0.000181112 0.000967136 1.97241e-23 0.998852 0 0 
-15.3634 3.95535e+21 1.40296e+06 7.58173e-14 -7.57709e-14 7.57709e-14 0.000192808 0.0010296 2.53402e-23 0.998778 0 0 
-15.3008 4.21103e+21 1.59022e+06 7.12154e-14 -7.11691e-14 7.1169e-14 0.000205259 0.00109608 3.25553e-23 0.998699 0 0 
-15.2381 4.48322e+21 1.80247e+06 6.6893e-14 -6.68467e-14 6.68466e-14 0.000218513 0.00116686 4.18246e-23 0.998615 0 0 
-15.1754 4.77301e+21 2.04305e+06 6.28331e-14 -6.27868e-14 6.27868e-14 0.000232622 0.0012422 5.37326e-23 0.998525 0 0 
-15.1128 5.08151e+21 2.31573e+06 5.90198e-14 -5.89735e-14 5.89735e-14 0.00024764 0.0013224 6.90307e-23 0.99843 0 0 
-15.0501 5.40995e+21 2.6248e+06 5.54381e-14 -5.53918e-14 5.53918e-14 0.000263626 0.00140776 8.86838e-23 0.998329 0 0 
-14.9875 5.75961e+21 2.97511e+06 5.2074e-14 -5.20276e-14 5.20276e-14 0.000280642 0.00149863 1.13931e-22 0.998221 0 0 
-14.9248 6.13186e+21 3.37217e+06 4.89141e-14 -4.88678e-14 4.88678e-14 0.000298754 0.00159535 1.46365e-22 0.998106 0 0 
-14.8622 6.52815e+21 3.82221e+06 4.59462e-14 -4.58999e-14 4.58998e-14 0.000318033 0.00169829 1.88032e-22 0.997984 0 0 
-14.7995 6.95005e+21 4.3323e+06 4.31585e-14 -4.31122e-14 4.31121e-14 0.000338553 0.00180787 2.41557e-22 0.997854 0 0 
-14.7368 7.39919e+21 4.91045e+06 4.05401e-14 -4.04938e-14 4.04937e-14 0.000360394 0.0019245 3.10317e-22 0.997715 0 0 
-14.6742 7.87734e+21 5.56574e+06 3.80808e-14 -3.80344e-14 3.80344e-14 0.000383641 0.00204864 3.98646e-22 0.997568 0 0 
-14.6115 8.38636e+21 6.30845e+06 3.57708e-14 -3.57245e-14 3.57244e-14 0.000408383 0.00218077 5.12112e-22 0.997411 0 0 
-14.5489 8.92826e+21 7.15025e+06 3.36011e-14 -3.35548e-14 3.35547e-14 0.000434717 0.00232139 6.57867e-22 0.997244 0 0 
-14.4862 9.50515e+21 8.10436e+06 3.15632e-14 -3.15169e-14 3.15168e-14 0.000462744 0.00247105 8.45096e-22 0.997066 0 0 
-14.4236 1.01193e+22 9.18574e+06 2.9649e-14 -2.96027e-14 2.96026e-14 0.000492572 0.00263034 1.0856e-21 0.996877 0 0 
-14.3609 1.07731e+22 1.04114e+07 2.78511e-14 -2.78048e-14 2.78048e-14 0.000524317 0.00279985 1.39453e-21 0.996676 0 0 
-14.2982 1.14691e+22 1.18005e+07 2.61624e-14 -2.61161e-14 2.61161e-14 0.0005581 0.00298025 1.79135e-21 0.996462 0 0 
-14.2356 1.221e+22 1.33749e+07 2.45763e-14 -2.453e-14 2.45299e-14 0.000594051 0.00317223 2.30105e-21 0.996234 0 0 
-14.1729 1.29987e+22 1.51592e+07 2.30865e-14 -2.30402e-14 2.30401e-14 0.000632309 0.00337653 2.95574e-21 0.995991 0 0 
-14.1103 1.38383e+22 1.71815e+07 2.16871e-14 -2.16409e-14 2.16408e-14 0.000673021 0.00359393 3.79664e-21 0.995733 0 0 
-14.0476 1.47321e+22 1.94735e+07 2.03728e-14 -2.03265e-14 2.03264e-14 0.000716341 0.00382526 4.87669e-21 0.995458 0 0 
-13.985 1.56835e+22 2.20712e+07 1.91383e-14 -1.9092e-14 1.90919e-14 0.000762437 0.00407141 6.26388e-21 0.995166 0 0 
-13.9223 1.66963e+22 2.50151e+07 1.79788e-14 -1.79325e-14 1.79324e-14 0.000811484 0.00433332 8.04551e-21 0.994855 0 0 
-13.8596 1.77744e+22 2.83516e+07 1.68896e-14 -1.68434e-14 1.68433e-14 0.000863668 0.00461199 1.03337e-20 0.994524 0 0 
-13.797 1.89221e+22 3.21328e+07 1.58667e-14 -1.58204e-14 1.58203e-14 0.000919188 0.00490846 1.32723e-20 0.994172 0 0 
-13.7343 2.01437e+22 3.64181e+07 1.49058e-14 -1.48596e-14 1.48595e-14 0.000978255 0.00522388 1.70463e-20 0.993798 0 0 
-13.6717 2.14441e+22 4.12745e+07 1.40033e-14 -1.39571e-14 1.3957e-14 0.00104109 0.00555944 2.18928e-20 0.993399 0 0 
-13.609 2.28282e+22 4.67781e+07 1.31557e-14 -1.31095e-14 1.31093e-14 0.00110794 0.00591639 2.81165e-20 0.992976 0 0 
-13.5464 2.43016e+22 5.30151e+07 1.23595e-14 -1.23133e-14 1.23131e-14 0.00117904 0.00629609 3.61085e-20 0.992525 0 0 
-13.4837 2.58698e+22 6.00832e+07 1.16116e-14 -1.15655e-14 1.15653e-14 0.00125468 0.00669997 4.63709e-20 0.992045 0 0 
-13.4211 2.7539e+22 6.80928e+07 1.09092e-14 -1.08631e-14 1.08629e-14 0.00133512 0.00712953 5.95481e-20 0.991535 0 0 
-13.3584 2.93157e+22 7.71693e+07 1.02495e-14 -1.02033e-14 1.02031e-14 0.00142067 0.00758638 7.64673e-20 0.990993 0 0 
-13.2957 3.12068e+22 8.74547e+07 9.62978e-15 -9.58364e-15 9.58341e-15 0.00151165 0.00807222 9.81904e-20 0.990416 0 0 
-13.2331 3.32195e+22 9.91097e+07 9.04773e-15 -9.0016e-15 9.00136e-15 0.0016084 0.00858886 1.2608e-19 0.989803 0 0 
-13.1704 3.53616e+22 1.12316e+08 8.50102e-15 -8.45491e-15 8.45466e-15 0.00171127 0.0091382 1.61884e-19 0.989151 0 0 
-13.1078 3.76415e+22 1.27281e+08 7.98752e-15 -7.94142e-15 7.94116e-15 0.00182065 0.00972227 2.07848e-19 0.988457 0 0 
-13.0451 4.0068e+22 1.44238e+08 7.50521e-15 -7.45912e-15 7.45884e-15 0.00193693 0.0103432 2.6685e-19 0.98772 0 0 
-12.9825 4.26503e+22 1.63451e+08 7.05218e-15 -7.00612e-15 7.00582e-15 0.00206054 0.0110033 3.42585e-19 0.986936 0 0 
-12.9198 4.53985e+22 1.8522e+08 6.62667e-15 -6.58063e-15 6.58031e-15 0.00219192 0.0117049 4.39793e-19 0.986103 0 0 
-12.8571 4.83232e+22 2.09884e+08 6.227e-15 -6.18098e-15 6.18064e-15 0.00233156 0.0124505 5.64552e-19 0.985218 0 0 
-12.7945 5.14355e+22 2.37828e+08 5.85161e-15 -5.8056e-15 5.80524e-15 0.00247995 0.0132429 7.2466e-19 0.984277 0 0 
-12.7318 5.47474e+22 2.69488e+08 5.49901e-15 -5.45303e-15 5.45264e-15 0.00263763 0.0140849 9.3012e-19 0.983277 0 0 
-12.6692 5.82716e+22 3.05355e+08 5.16782e-15 -5.12187e-15 5.12146e-15 0.00280514 0.0149795 1.19376e-18 0.982215 0 0 
-12.6065 6.20216e+22 3.45987e+08 4.85675e-15 -4.81082e-15 4.81039e-15 0.0029831 0.0159297 1.53201e-18 0.981087 0 0 
-12.5439 6.60117e+22 3.92018e+08 4.56457e-15 -4.51867e-15 4.51821e-15 0.00317211 0.0169391 1.96597e-18 0.979889 0 0 
-12.4812 7.02572e+22 4.4416e+08 4.29013e-15 -4.24426e-15 4.24377e-15 0.00337284 0.0180109 2.52266e-18 0.978616 0 0 
-12.4185 7.47741e+22 5.03224e+08 4.03236e-15 -3.98652e-15 3.986e-15 0.00358597 0.0191491 3.23671e-18 0.977265 0 0 
-12.3559 7.95797e+22 5.70126e+08 3.79024e-15 -3.74443e-15 3.74388e-15 0.00381224 0.0203574 4.15252e-18 0.97583 0 0 
-12.2932 8.46922e+22 6.45901e+08 3.56282e-15 -3.51705e-15 3.51647e-15 0.00405241 0.0216399 5.32696e-18 0.974308 0 0 
-12.2306 9.01308e+22 7.31724e+08 3.34922e-15 -3.30349e-15 3.30286e-15 0.00430729 0.0230009 6.83288e-18 0.972692 0 0 
-12.1679 9.59161e+22 8.28921e+08 3.14858e-15 -3.10289e-15 3.10223e-15 0.00457772 0.024445 8.76362e-18 0.970977 0 0 
-12.1053 1.0207e+23 9.38995e+08 2.96013e-15 -2.91448e-15 2.91378e-15 0.00486459 0.0259769 1.12387e-17 0.969158 0 0 
-12.0426 1.08615e+23 1.06364e+09 2.78312e-15 -2.73752e-15 2.73677e-15 0.00516883 0.0276016 1.4411e-17 0.96723 0 0 
-11.9799 1.15577e+23 1.20479e+09 2.61686e-15 -2.5713e-15 2.57051e-15 0.00549142 0.0293242 1.84766e-17 0.965184 0 0 
-11.9173 1.2298e+23 1.3646e+09 2.46069e-15 -2.41519e-15 2.41435e-15 0.00583337 0.0311502 2.3686e-17 0.963016 0 0 
-11.8546 1.30854e+23 1.54554e+09 2.314e-15 -2.26856e-15 2.26766e-15 0.00619575 0.0330853 3.03598e-17 0.960719 0 0 
-11.792 1.39226e+23 1.75038e+09 2.17622e-15 -2.13083e-15 2.12989e-15 0.00657966 0.0351354 3.89084e-17 0.958285 0 0 
-11.7293 1.48127e+23 1.98226e+09 2.04681e-15 -2.00148e-15 2.00047e-15 0.00698626 0.0373066 4.98562e-17 0.955707 0 0 
-11.6667 1.57591e+23 2.24474e+09 1.92525e-15 -1.87998e-15 1.87892e-15 0.00741676 0.0396055 6.38738e-17 0.952978 0 0 
-11.604 1.67652e+23 2.54182e+09 1.81107e-15 -1.76587e-15 1.76474e-15 0.0078724 0.0420386 8.18183e-17 0.950089 0 0 
-11.5414 1.78347e+23 2.87803e+09 1.70382e-15 -1.65869e-15 1.6575e-15 0.00835448 0.0446129 1.04784e-16 0.947033 0 0 
-11.4787 1.89715e+23 3.2585e+09 1.60307e-15 -1.55803e-15 1.55676e-15 0.00886433 0.0473355 1.34171e-16 0.9438 0 0 
-11.416 2.01796e+23 3.68901e+09 1.50845e-15 -1.46348e-15 1.46214e-15 0.00940334 0.0502138 1.71762e-16 0.940383 0 0 
-11.3534 2.14635e+23 4.17607e+09 1.41956e-15 -1.37468e-15 1.37326e-15 0.00997292 0.0532554 2.19838e-16 0.936772 0 0 
-11.2907 2.28277e+23 4.72707e+09 1.33607e-15 -1.29128e-15 1.28978e-15 0.0105745 0.0564681 2.81304e-16 0.932957 0 0 
-11.2281 2.4277e+23 5.35031e+09 1.25764e-15 -1.21295e-15 1.21136e-15 0.0112097 0.0598599 3.59868e-16 0.92893 0 0 
-11.1654 2.58166e+23 6.05519e+09 1.18397e-15 -1.13938e-15 1.1377e-15 0.01188 0.063439 4.60255e-16 0.924681 0 0 
-11.1028 2.74519e+23 6.85229e+09 1.11477e-15 -1.07029e-15 1.06851e-15 0.0125868 0.0672137 5.88483e-16 0.920199 0 0 
-11.0401 2.91886e+23 7.75354e+09 1.04976e-15 -1.0054e-15 1.00352e-15 0.0133319 0.0711924 7.52219e-16 0.915476 0 0 
-10.9774 3.10327e+23 8.77241e+09 9.88695e-16 -9.44451e-16 9.42471e-16 0.0141168 0.0753838 9.6122e-16 0.910499 0 0 
-10.9148 3.29905e+23 9.92407e+09 9.31331e-16 -8.87214e-16 8.85124e-16 0.0149432 0.0797964 1.2279e-15 0.90526 0 0 
-10.8521 3.50687e+23 1.12256e+10 8.77443e-16 -8.3346e-16 8.31256e-16 0.0158125 0.0844389 1.56804e-15 0.899749 0 0 
-10.7895 3.72744e+23 1.26963e+10 8.26819e-16 -7.82978e-16 7.80654e-16 0.0167266 0.0893198 2.00168e-15 0.893954 0 0 
-10.7268 3.96149e+23 1.43577e+10 7.79261e-16 -7.3557e-16 7.3312e-16 0.0176868 0.0944477 2.55431e-15 0.887865 0 0 
-10.6642 4.20981e+23 1.62344e+10 7.34582e-16 -6.91049e-16 6.88469e-16 0.0186949 0.099831 3.25823e-15 0.881474 0 0 
-10.6015 4.47319e+23 1.83537e+10 6.92607e-16 -6.49239e-16 6.46524e-16 0.0197524 0.105478 4.15443e-15 0.87477 0 0 
-10.5388 4.75251e+23 2.07466e+10 6.53171e-16 -6.09977e-16 6.07121e-16 0.0208607 0.111396 5.29486e-15 0.867743 0 0 
-10.4762 5.04866e+23 2.34477e+10 6.16119e-16 -5.73109e-16 5.70107e-16 0.0220212 0.117593 6.74532e-15 0.860385 0 0 
-10.4135 5.36259e+23 2.6496e+10 5.81305e-16 -5.38489e-16 5.35335e-16 0.0232354 0.124077 8.58905e-15 0.852688 0 0 
-10.3509 5.69527e+23 2.99353e+10 5.48595e-16 -5.0598e-16 5.0267e-16 0.0245044 0.130854 1.09313e-14 0.844642 0 0 
-10.2882 6.04774e+23 3.38149e+10 5.17858e-16 -4.75456e-16 4.71984e-16 0.0258294 0.137929 1.39052e-14 0.836241 0 0 
-10.2256 6.42109e+23 3.81899e+10 4.88975e-16 -4.46796e-16 4.43157e-16 0.0272114 0.145309 1.76787e-14 0.827479 0 0 
-10.1629 6.81643e+23 4.31222e+10 4.61832e-16 -4.19886e-16 4.16076e-16 0.0286514 0.152998 2.24635e-14 0.81835 0 0 
-10.1003 7.23494e+23 4.86813e+10 4.36323e-16 -3.94621e-16 3.90636e-16 0.0301499 0.161 2.85267e-14 0.80885 0 0 
-10.0376 7.67786e+23 5.49449e+10 4.12348e-16 -3.70902e-16 3.66736e-16 0.0317075 0.169318 3.62045e-14 0.798975 0 0 
-9.97494 8.14645e+23 6.2e+10 3.89814e-16 -3.48634e-16 3.44284e-16 0.0333246 0.177953 4.59197e-14 0.788722 0 0 
-9.91228 8.64205e+23 6.99443e+10 3.68631e-16 -3.2773e-16 3.23192e-16 0.0350012 0.186906 5.82039e-14 0.778092 0 0 
-9.84962 9.16604e+23 7.88867e+10 3.48718e-16 -3.08107e-16 3.03378e-16 0.0367373 0.196177 7.37243e-14 0.767086 0 0 
-9.78697 9.71985e+23 8.89493e+10 3.29996e-16 -2.89688e-16 2.84764e-16 0.0385324 0.205763 9.33178e-14 0.755704 0 0 
-9.72431 1.0305e+24 1.00268e+11 3.12393e-16 -2.72399e-16 2.67279e-16 0.040386 0.215661 1.18033e-13 0.743953 0 0 
-9.66165 1.0923e+24 1.12996e+11 2.95839e-16 -2.56172e-16 2.50854e-16 0.0422972 0.225867 1.49182e-13 0.731836 0 0 
-9.599 1.15754e+24 1.27302e+11 2.8027e-16 -2.40943e-16 2.35425e-16 0.0442646 0.236373 1.88407e-13 0.719362 0 0 
-9.53634 1.22639e+24 1.43375e+11 2.65626e-16 -2.26651e-16 2.20932e-16 0.0462869 0.247172 2.37757e-13 0.706541 0 0 
-9.47368 1.29903e+24 1.61428e+11 2.51849e-16 -2.13239e-16 2.0732e-16 0.0483621 0.258254 2.99788e-13 0.693384 0 0 
-9.41103 1.37562e+24 1.81695e+11 2.38887e-16 -2.00654e-16 1.94534e-16 0.0504883 0.269608 3.77689e-13 0.679904 0 0 
-9.34837 1.45635e+24 2.04439e+11 2.26689e-16 -1.88845e-16 1.82527e-16 0.0526629 0.28122 4.75426e-13 0.666117 0 0 
-9.28571 1.54141e+24 2.29951e+11 2.15207e-16 -1.77765e-16 1.71251e-16 0.0548833 0.293077 5.97933e-13 0.65204 0 0 
-9.22306 1.63099e+24 2.58554e+11 2.04398e-16 -1.6737e-16 1.60663e-16 0.0571463 0.305161 7.51337e-13 0.637692 0 0 
-9.1604 1.72528e+24 2.90611e+11 1.9422e-16 -1.57619e-16 1.50721e-16 0.0594488 0.317456 9.43243e-13 0.623095 0 0 
-9.09774 1.82448e+24 3.2652e+11 1.84634e-16 -1.4847e-16 1.41387e-16 0.061787 0.329943 1.18307e-12 0.608271 0 0 
-9.03509 1.92882e+24 3.66727e+11 1.75603e-16 -1.39889e-16 1.32626e-16 0.0641571 0.342599 1.4825e-12 0.593244 0 0 
-8.97243 2.03849e+24 4.11724e+11 1.67093e-16 -1.31839e-16 1.24402e-16 0.0665551 0.355404 1.85595e-12 0.578041 0 0 
-8.90977 2.15373e+24 4.62059e+11 1.59071e-16 -1.24289e-16 1.16684e-16 0.0689767 0.368335 2.32124e-12 0.562688 0 0 
-8.84712 2.27474e+24 5.18336e+11 1.51508e-16 -1.17207e-16 1.09442e-16 0.0714173 0.381368 2.90039e-12 0.547214 0 0 
-8.78446 2.40176e+24 5.81228e+11 1.44374e-16 -1.10565e-16 1.02648e-16 0.0738724 0.394479 3.6205e-12 0.531649 0 0 
-8.7218 2.53503e+24 6.51478e+11 1.37644e-16 -1.04335e-16 9.62752e-17 0.0763373 0.407641 4.515e-12 0.516022 0 0 
-8.65915 2.67478e+24 7.29908e+11 1.31292e-16 -9.84925e-17 9.02986e-17 0.0788071 0.42083 5.62498e-12 0.500363 0 0 
-8.59649 2.82125e+24 8.17427e+11 1.25294e-16 -9.30121e-17 8.46948e-17 0.081277 0.434019 7.00096e-12 0.484704 0 0 
-8.53383 2.9747e+24 9.15042e+11 1.19629e-16 -8.78718e-17 7.94414e-17 0.0837423 0.447184 8.70499e-12 0.469074 0 0 
-8.47118 3.13538e+24 1.02386e+12 1.14276e-16 -8.30501e-17 7.45178e-17 0.0861979 0.460297 1.08132e-11 0.453505 0 0 
-8.40852 3.30354e+24 1.14512e+12 1.09215e-16 -7.85272e-17 6.99043e-17 0.0886393 0.473334 1.3419e-11 0.438027 0 0 
-8.34586 3.47945e+24 1.28016e+12 1.04429e-16 -7.42841e-17 6.55822e-17 0.0910619 0.48627 1.66366e-11 0.422668 0 0 
-8.28321 3.66337e+24 1.43049e+12 9.9901e-17 -7.03032e-17 6.15342e-17 0.093461 0.499082 2.06059e-11 0.407457 0 0 
-8.22055 3.85559e+24 1.59775e+12 9.56143e-17 -6.65677e-17 5.77436e-17 0.0958326 0.511746 2.54981e-11 0.392422 0 0 
-8.15789 4.05638e+24 1.78377e+12 9.15544e-17 -6.30621e-17 5.41951e-17 0.0981723 0.52424 3.15224e-11 0.377587 0 0 
-8.09524 4.26602e+24 1.99054e+12 8.77073e-17 -5.97716e-17 5.08738e-17 0.100477 0.536545 3.8934e-11 0.362979 0 0 
-8.03258 4.48481e+24 2.2203e+12 8.406e-17 -5.66824e-17 4.77658e-17 0.102741 0.548639 4.80445e-11 0.348619 0 0 
-7.96992 4.71304e+24 2.47546e+12 8.06003e-17 -5.37817e-17 4.48582e-17 0.104964 0.560507 5.92342e-11 0.334529 0 0 
-7.90727 4.95102e+24 2.75872e+12 7.73167e-17 -5.10572e-17 4.21385e-17 0.107141 0.572131 7.29661e-11 0.320728 0 0 
-7.84461 5.19904e+24 3.07304e+12 7.41987e-17 -4.84975e-17 3.9595e-17 0.109269 0.583497 8.98046e-11 0.307234 0 0 
-7.78195 5.45744e+24 3.42166e+12 7.12361e-17 -4.6092e-17 3.72168e-17 0.111347 0.594592 1.10437e-10 0.294061 0 0 
-7.7193 5.72652e+24 3.80819e+12 6.84197e-17 -4.38305e-17 3.49934e-17 0.113372 0.605404 1.35698e-10 0.281224 0 0 
-7.65664 6.00663e+24 4.23656e+12 6.57408e-17 -4.17038e-17 3.29151e-17 0.115342 0.615924 1.66606e-10 0.268734 0 0 
-7.59398 6.29809e+24 4.71112e+12 6.31911e-17 -3.9703e-17 3.09725e-17 0.117255 0.626144 2.04395e-10 0.256601 0 0 
-7.53133 6.60126e+24 5.23666e+12 6.0763e-17 -3.78199e-17 2.91569e-17 0.119112 0.636056 2.50569e-10 0.244832 0 0 
-7.46867 6.91648e+24 5.81842e+12 5.84494e-17 -3.60468e-17 2.74602e-17 0.12091 0.645657 3.0695e-10 0.233433 0 0 
-7.40602 7.24413e+24 6.46221e+12 5.62437e-17 -3.43764e-17 2.58745e-17 0.122648 0.654942 3.75754e-10 0.222409 0 0 
-7.34336 7.58456e+24 7.17437e+12 5.41396e-17 -3.28022e-17 2.43927e-17 0.124328 0.66391 4.59667e-10 0.211762 0 0 
-7.2807 7.93816e+24 7.96193e+12 5.21313e-17 -3.13177e-17 2.30078e-17 0.125948 0.67256 5.61953e-10 0.201492 0 0 
-7.21805 8.30533e+24 8.83257e+12 5.02133e-17 -2.99171e-17 2.17133e-17 0.127508 0.680893 6.86565e-10 0.191599 0 0 
-7.15539 8.68647e+24 9.79476e+12 4.83807e-17 -2.85949e-17 2.05034e-17 0.129009 0.688909 8.383e-10 0.182082 0 0 
-7.09273 9.08198e+24 1.08578e+13 4.66285e-17 -2.73461e-17 1.93722e-17 0.130452 0.696613 1.02297e-09 0.172935 0 0 
-7.03008 9.4923e+24 1.2032e+13 4.49524e-17 -2.61658e-17 1.83145e-17 0.131837 0.704007 1.24762e-09 0.164157 0 0 
-6.96742 9.91786e+24 1.33285e+13 4.33482e-17 -2.50496e-17 1.73252e-17 0.133164 0.711097 1.52079e-09 0.155739 0 0 
-6.90476 1.03591e+25 1.47597e+13 4.18121e-17 -2.39934e-17 1.63998e-17 0.134436 0.717887 1.85281e-09 0.147677 0 0 
-6.84211 1.08165e+25 1.63393e+13 4.03404e-17 -2.29933e-17 1.55337e-17 0.135652 0.724384 2.2562e-09 0.139964 0 0 
-6.77945 1.12905e+25 1.80821e+13 3.89296e-17 -2.20457e-17 1.4723e-17 0.136815 0.730594 2.74612e-09 0.13259 0 0 
-6.71679 1.17817e+25 2.00047e+13 3.75767e-17 -2.11472e-17 1.39638e-17 0.137926 0.736525 3.34091e-09 0.125549 0 0 
-6.65414 1.22905e+25 2.2125e+13 3.62786e-17 -2.02948e-17 1.32526e-17 0.138986 0.742185 4.06278e-09 0.11883 0 0 
-6.59148 1.28174e+25 2.44629e+13 3.50326e-17 -1.94856e-17 1.2586e-17 0.139996 0.74758 4.9386e-09 0.112424 0 0 
-6.52882 1.3363e+25 2.70403e+13 3.3836e-17 -1.87168e-17 1.19609e-17 0.140959 0.752719 6.00086e-09 0.106322 0 0 
-6.46617 1.39279e+25 2.98812e+13 3.26864e-17 -1.79859e-17 1.13745e-17 0.141875 0.757612 7.28889e-09 0.100514 0 0 
-6.40351 1.45126e+25 3.30118e+13 3.15814e-17 -1.72906e-17 1.0824e-17 0.142746 0.762265 8.85023e-09 0.0949889 0 0 
-6.34085 1.51177e+25 3.64612e+13 3.05189e-17 -1.66288e-17 1.0307e-17 0.143575 0.766688 1.07424e-08 0.0897375 0 0 
-6.2782 1.57438e+25 4.02611e+13 2.94969e-17 -1.59984e-17 9.82111e-18 0.144361 0.770889 1.3035e-08 0.0847493 0 0 
-6.21554 1.63915e+25 4.44466e+13 2.85135e-17 -1.53975e-17 9.36421e-18 0.145108 0.774878 1.58119e-08 0.080014 0 0 
-6.15288 1.70615e+25 4.90561e+13 2.75668e-17 -1.48244e-17 8.93429e-18 0.145817 0.778662 1.9175e-08 0.0755214 0 0 
-6.09023 1.77545e+25 5.41318e+13 2.66553e-17 -1.42774e-17 8.52947e-18 0.146489 0.78225 2.32469e-08 0.0712615 0 0 
-6.02757 1.84712e+25 5.97202e+13 2.57772e-17 -1.3755e-17 8.14803e-18 0.147125 0.78565 2.81763e-08 0.0672245 0 0 
-5.96491 1.92122e+25 6.58722e+13 2.49311e-17 -1.32559e-17 7.78836e-18 0.147729 0.788871 3.41425e-08 0.0634005 0 0 
-5.90226 1.99783e+25 7.26439e+13 2.41156e-17 -1.27786e-17 7.44899e-18 0.1483 0.79192 4.13623e-08 0.0597801 0 0 
-5.8396 2.07703e+25 8.00968e+13 2.33293e-17 -1.2322e-17 7.12851e-18 0.14884 0.794806 5.00978e-08 0.056354 0 0 
-5.77694 2.15889e+25 8.82986e+13 2.25711e-17 -1.18849e-17 6.82567e-18 0.149351 0.797536 6.06655e-08 0.0531132 0 0 
-5.71429 2.2435e+25 9.73236e+13 2.18396e-17 -1.14663e-17 6.53928e-18 0.149835 0.800117 7.34479e-08 0.0500489 0 0 
-5.65163 2.33093e+25 1.07254e+14 2.11338e-17 -1.10652e-17 6.26822e-18 0.150291 0.802556 8.8907e-08 0.0471525 0 0 
-5.58897 2.42129e+25 1.18178e+14 2.04526e-17 -1.06805e-17 6.0115e-18 0.150723 0.804861 1.07601e-07 0.044416 0 0 
-5.52632 2.51465e+25 1.30196e+14 1.97951e-17 -1.03116e-17 5.76817e-18 0.151131 0.807038 1.30204e-07 0.0418312 0 0 
-5.46366 2.6111e+25 1.43415e+14 1.91602e-17 -9.95744e-18 5.53735e-18 0.151516 0.809093 1.5753e-07 0.0393907 0 0 
-5.401 2.71075e+25 1.57956e+14 1.8547e-17 -9.61741e-18 5.31823e-18 0.151879 0.811034 1.90562e-07 0.0370871 0 0 
-5.33835 2.81369e+25 1.73947e+14 1.79547e-17 -9.29077e-18 5.11007e-18 0.152222 0.812865 2.30489e-07 0.0349133 0 0 
-5.27569 2.92003e+25 1.91534e+14 1.73825e-17 -8.97684e-18 4.91217e-18 0.152545 0.814592 2.78745e-07 0.0328625 0 0 
-5.21303 3.02985e+25 2.10873e+14 1.68295e-17 -8.67501e-18 4.72388e-18 0.15285 0.816221 3.37061e-07 0.0309284 0 0 
-5.15038 3.14329e+25 2.32139e+14 1.62951e-17 -8.38468e-18 4.54461e-18 0.153138 0.817757 4.0753e-07 0.0291047 0 0 
-5.08772 3.26044e+25 2.55521e+14 1.57786e-17 -8.10533e-18 4.37381e-18 0.153409 0.819205 4.92676e-07 0.0273854 0 0 
-5.02506 3.38142e+25 2.8123e+14 1.52792e-17 -7.83642e-18 4.21096e-18 0.153665 0.82057 5.95551e-07 0.025765 0 0 
-4.96241 3.50636e+25 3.09496e+14 1.47964e-17 -7.57748e-18 4.05559e-18 0.153906 0.821856 7.19836e-07 0.0242381 0 0 
-4.89975 3.63536e+25 3.4057e+14 1.43294e-17 -7.32806e-18 3.90724e-18 0.154132 0.823067 8.69976e-07 0.0227996 0 0 
-4.83709 3.76857e+25 3.7473e+14 1.38779e-17 -7.08771e-18 3.76552e-18 0.154346 0.824208 1.05134e-06 0.0214446 0 0 
-4.77444 3.90611e+25 4.12283e+14 1.34411e-17 -6.85606e-18 3.63004e-18 0.154547 0.825283 1.27041e-06 0.0201684 0 0 
-4.71178 4.04812e+25 4.53561e+14 1.30185e-17 -6.6327e-18 3.50044e-18 0.154737 0.826295 1.53501e-06 0.0189668 0 0 
-4.64912 4.19473e+25 4.98935e+14 1.26097e-17 -6.41729e-18 3.3764e-18 0.154915 0.827248 1.85458e-06 0.0178354 0 0 
-4.58647 4.3461e+25 5.48807e+14 1.22142e-17 -6.20948e-18 3.25761e-18 0.155083 0.828144 2.24052e-06 0.0167703 0 0 
-4.52381 4.50236e+25 6.03623e+14 1.18315e-17 -6.00896e-18 3.14378e-18 0.155241 0.828988 2.70661e-06 0.0157678 0 0 
-4.46115 4.66367e+25 6.63871e+14 1.14611e-17 -5.81543e-18 3.03465e-18 0.15539 0.829782 3.26946e-06 0.0148244 0 0 
-4.3985 4.8302e+25 7.30086e+14 1.11026e-17 -5.62859e-18 2.92997e-18 0.15553 0.83053 3.94913e-06 0.0139366 0 0 
-4.33584 5.0021e+25 8.02858e+14 1.07556e-17 -5.44817e-18 2.8295e-18 0.155662 0.831232 4.76983e-06 0.0131012 0 0 
-4.27318 5.17955e+25 8.82833e+14 1.04197e-17 -5.27393e-18 2.73304e-18 0.155785 0.831894 5.7608e-06 0.0123153 0 0 
-4.21053 5.36271e+25 9.70724e+14 1.00946e-17 -5.10561e-18 2.64037e-18 0.155902 0.832515 6.95731e-06 0.011576 0 0 
-4.14787 5.55177e+25 1.06731e+15 9.7798e-18 -4.94298e-18 2.55132e-18 0.156011 0.8331 8.40196e-06 0.0108806 0 0 
-4.08521 5.74691e+25 1.17345e+15 9.47504e-18 -4.78582e-18 2.4657e-18 0.156114 0.833649 1.01462e-05 0.0102265 0 0 
-4.02256 5.94833e+25 1.29009e+15 9.17996e-18 -4.63393e-18 2.38335e-18 0.156211 0.834166 1.22519e-05 0.00961136 0 0 
-3.9599 6.15622e+25 1.41826e+15 8.89424e-18 -4.48709e-18 2.30412e-18 0.156302 0.834651 1.47942e-05 0.00903287 0 0 
-3.89724 6.37078e+25 1.5591e+15 8.61757e-18 -4.34513e-18 2.22785e-18 0.156387 0.835106 1.78633e-05 0.0084889 0 0 
-3.83459 6.59223e+25 1.71386e+15 8.34964e-18 -4.20785e-18 2.15443e-18 0.156467 0.835534 2.15685e-05 0.00797741 0 0 
-3.77193 6.82079e+25 1.88391e+15 8.09017e-18 -4.07509e-18 2.08371e-18 0.156542 0.835935 2.60413e-05 0.00749651 0 0 
-3.70927 7.05667e+25 2.07076e+15 7.83888e-18 -3.94668e-18 2.01559e-18 0.156613 0.836312 3.14407e-05 0.00704439 0 0 
-3.64662 7.30012e+25 2.27607e+15 7.59551e-18 -3.82246e-18 1.94994e-18 0.156679 0.836664 3.79585e-05 0.00661934 0 0 
-3.58396 7.55136e+25 2.50166e+15 7.3598e-18 -3.70228e-18 1.88667e-18 0.15674 0.836994 4.58263e-05 0.00621977 0 0 
-3.5213 7.81065e+25 2.74953e+15 7.13149e-18 -3.58599e-18 1.82568e-18 0.156798 0.837302 5.53234e-05 0.00584417 0 0 
-3.45865 8.07824e+25 3.02187e+15 6.91034e-18 -3.47345e-18 1.76687e-18 0.156852 0.83759 6.67871e-05 0.00549112 0 0 
-3.39599 8.35439e+25 3.32109e+15 6.69614e-18 -3.36453e-18 1.71016e-18 0.156902 0.837858 8.06242e-05 0.00515927 0 0 
-3.33333 8.63937e+25 3.64986e+15 6.48865e-18 -3.2591e-18 1.65548e-18 0.156949 0.838107 9.7326e-05 0.00484737 0 0 
-3.27068 8.93346e+25 4.01107e+15 6.28766e-18 -3.15704e-18 1.60274e-18 0.156992 0.838336 0.000117485 0.00455421 0 0 
-3.20802 9.23695e+25 4.40793e+15 6.09296e-18 -3.05822e-18 1.55188e-18 0.157031 0.838548 0.000141816 0.0042787 0 0 
-3.14536 9.55014e+25 4.84395e+15 5.90436e-18 -2.96253e-18 1.50284e-18 0.157068 0.838741 0.000171183 0.00401976 0 0 
-3.08271 9.87333e+25 5.32299e+15 5.72166e-18 -2.86986e-18 1.45555e-18 0.1571 0.838916 0.000206626 0.00377641 0 0 
-3.02005 1.02068e+26 5.84929e+15 5.54467e-18 -2.7801e-18 1.40998e-18 0.15713 0.839073 0.000249403 0.00354772 0 0 
-2.95739 1.0551e+26 6.4275e+15 5.37322e-18 -2.69314e-18 1.36606e-18 0.157156 0.839211 0.000301028 0.0033328 0 0 
-2.89474 1.09061e+26 7.06274e+15 5.20713e-18 -2.60888e-18 1.32375e-18 0.157178 0.839328 0.00036333 0.00313082 0 0 
-2.83208 1.12726e+26 7.76063e+15 5.04623e-18 -2.52722e-18 1.28303e-18 0.157196 0.839425 0.000438516 0.00294101 0 0 
-2.76942 1.16507e+26 8.52732e+15 4.89038e-18 -2.44806e-18 1.24387e-18 0.157209 0.839499 0.000529247 0.00276264 0 0 
-2.70677 1.20409e+26 9.3696e+15 4.73941e-18 -2.37131e-18 1.20623e-18 0.157219 0.839548 0.000638731 0.002595 0 0 
-2.64411 1.24435e+26 1.02949e+16 4.59317e-18 -2.29687e-18 1.17011e-18 0.157223 0.839569 0.000770838 0.00243746 0 0 
-2.58145 1.2859e+26 1.13114e+16 4.45153e-18 -2.22465e-18 1.1355e-18 0.157221 0.839559 0.000930235 0.0022894 0 0 
-2.5188 1.32876e+26 1.2428e+16 4.31435e-18 -2.15455e-18 1.10239e-18 0.157212 0.839515 0.00112255 0.00215024 0 0 
-2.45614 1.37299e+26 1.36546e+16 4.1815e-18 -2.08648e-18 1.07081e-18 0.157197 0.839429 0.00135455 0.00201944 0 0 
-2.39348 1.41862e+26 1.5002e+16 4.05285e-18 -2.02033e-18 1.04076e-18 0.157172 0.839297 0.00163441 0.00189649 0 0 
-2.33083 1.4657e+26 1.64821e+16 3.92829e-18 -1.95602e-18 1.01229e-18 0.157137 0.83911 0.00197196 0.00178091 0 0 
-2.26817 1.51427e+26 1.81078e+16 3.8077e-18 -1.89344e-18 9.85439e-19 0.15709 0.838859 0.00237904 0.00167225 0 0 
-2.20551 1.56437e+26 1.98933e+16 3.69098e-18 -1.8325e-18 9.60272e-19 0.157028 0.838532 0.0028699 0.00157007 0 0 
-2.14286 1.61606e+26 2.18544e+16 3.57803e-18 -1.77307e-18 9.36868e-19 0.15695 0.838114 0.00346166 0.00147398 0 0 
-2.0802 1.66939e+26 2.40082e+16 3.46876e-18 -1.71506e-18 9.15327e-19 0.156852 0.83759 0.00417491 0.0013836 0 0 
-2.01754 1.72438e+26 2.63733e+16 3.36308e-18 -1.65833e-18 8.9577e-19 0.15673 0.836937 0.00503434 0.00129855 0 0 
-1.95489 1.78111e+26 2.89704e+16 3.26092e-18 -1.60276e-18 8.78347e-19 0.156579 0.836133 0.00606959 0.00121851 0 0 
-1.89223 1.83961e+26 3.18219e+16 3.16221e-18 -1.54821e-18 8.63232e-19 0.156394 0.835146 0.00731612 0.00114316 0 0 
-1.82957 1.89993e+26 3.49524e+16 3.06689e-18 -1.49453e-18 8.50634e-19 0.156169 0.833942 0.00881635 0.00107218 0 0 
-1.76692 1.96212e+26 3.83885e+16 2.97491e-18 -1.44156e-18 8.408e-19 0.155895 0.832479 0.0106209 0.0010053 0 0 
-1.70426 2.02623e+26 4.21597e+16 2.88624e-18 -1.38911e-18 8.34012e-19 0.155563 0.830705 0.0127899 0.000942228 0 0 
-1.6416 2.0923e+26 4.62975e+16 2.80083e-18 -1.33697e-18 8.30601e-19 0.155161 0.828561 0.015395 0.000882719 0 0 
-1.57895 2.16037e+26 5.08367e+16 2.71869e-18 -1.28494e-18 8.30941e-19 0.154677 0.825976 0.0185207 0.000826521 0 0 
-1.51629 2.23049e+26 5.58145e+16 2.63982e-18 -1.23276e-18 8.35458e-19 0.154095 0.822865 0.0222666 0.000773399 0 0 
-1.45363 2.3027e+26 6.12716e+16 2.56422e-18 -1.18015e-18 8.44629e-19 0.153396 0.819132 0.0267493 0.000723132 0 0 
-1.39098 2.37701e+26 6.72514e+16 2.49194e-18 -1.12681e-18 8.58981e-19 0.152558 0.814661 0.0321048 0.000675506 0 0 
-1.32832 2.45346e+26 7.38008e+16 2.42304e-18 -1.07239e-18 8.79087e-19 0.151558 0.809321 0.03849 0.000630321 0 0 
-1.26566 2.53206e+26 8.09697e+16 2.35759e-18 -1.01651e-18 9.05558e-19 0.150367 0.802961 0.0460846 0.000587386 0 0 
-1.20301 2.61281e+26 8.88109e+16 2.2957e-18 -9.58765e-19 9.39027e-19 0.148953 0.795409 0.0550917 0.000546523 0 0 
-1.14035 2.6957e+26 9.73804e+16 2.23749e-18 -8.98682e-19 9.80128e-19 0.14728 0.786475 0.0657378 0.000507564 0 0 
-1.07769 2.7807e+26 1.06736e+17 2.18314e-18 -8.3577e-19 1.02947e-18 0.145309 0.77595 0.0782705 0.000470358 0 0 
-1.01504 2.86776e+26 1.16939e+17 2.13283e-18 -7.69493e-19 1.08757e-18 0.142999 0.763612 0.0929547 0.000434767 0 0 
-0.952381 2.95681e+26 1.28049e+17 2.08679e-18 -6.99291e-19 1.15484e-18 0.140305 0.74923 0.110065 0.00040067 0 0 
-0.889724 3.04775e+26 1.40128e+17 2.04529e-18 -6.24581e-19 1.23149e-18 0.137186 0.732573 0.129873 0.000367969 0 0 
-0.827068 3.14044e+26 1.53236e+17 2.00863e-18 -5.44775e-19 1.31746e-18 0.133601 0.713428 0.152634 0.000336589 0 0 
-0.764411 3.23472e+26 1.6743e+17 1.97714e-18 -4.59299e-19 1.41236e-18 0.129515 0.691612 0.178566 0.000306479 0 0 
-0.701754 3.33038e+26 1.82763e+17 1.9512e-18 -3.67617e-19 1.51541e-18 0.124905 0.666995 0.207822 0.000277619 0 0 
-0.639098 3.42717e+26 1.99281e+17 1.93122e-18 -2.69253e-19 1.62539e-18 0.11976 0.639521 0.240469 0.000250017 0 0 
-0.576441 3.5248e+26 2.1702e+17 1.91761e-18 -1.63823e-19 1.74065e-18 0.114089 0.609234 0.276454 0.000223711 0 0 
-0.513784 3.62296e+26 2.36006e+17 1.91084e-18 -5.10582e-20 1.85918e-18 0.10792 0.576295 0.315586 0.000198764 0 0 
-0.451128 3.72128e+26 2.56254e+17 1.91137e-18 6.91773e-20 1.97871e-18 0.10131 0.540995 0.35752 0.000175256 0 0 
-0.388471 3.81938e+26 2.7776e+17 1.91967e-18 1.96873e-19 2.09694e-18 0.0943362 0.503755 0.401755 0.000153281 0 0 
-0.325815 3.91685e+26 3.00511e+17 1.93619e-18 3.31879e-19 2.2117e-18 0.0871005 0.465117 0.44765 0.000132929 0 0 
-0.263158 4.01327e+26 3.24472e+17 1.9614e-18 4.73919e-19 2.32126e-18 0.0797212 0.425711 0.494453 0.000114278 0 0 
-0.200501 4.10825e+26 3.496e+17 1.99572e-18 6.22631e-19 2.42449e-18 0.0723262 0.386222 0.541354 9.73805e-05 0 0 
-0.137845 4.20139e+26 3.75834e+17 2.03956e-18 7.776e-19 2.52102e-18 0.0650448 0.347339 0.587534 8.22578e-05 0 0 
-0.075188 4.29233e+26 4.03105e+17 2.09329e-18 9.38417e-19 2.6113e-18 0.0579983 0.309711 0.632222 6.88919e-05 0 0 
-0.0125313 4.38076e+26 4.31335e+17 2.15727e-18 1.10472e-18 2.69651e-18 0.0512924 0.273902 0.674749 5.72262e-05 0 0 
0.0501253 4.4664e+26 4.60442e+17 2.23183e-18 1.27626e-18 2.77848e-18 0.0450118 0.240363 0.714578 4.7169e-05 0 0 
0.112782 4.54902e+26 4.90341e+17 2.3173e-18 1.45288e-18 2.85945e-18 0.0392168 0.209417 0.751327 3.86003e-05 0 0 
0.175439 4.62847e+26 5.20948e+17 2.414e-18 1.63462e-18 2.94191e-18 0.033943 0.181256 0.78477 3.13804e-05 0 0 
0.238095 4.70462e+26 5.52181e+17 2.52225e-18 1.82163e-18 3.02839e-18 0.0292037 0.155948 0.814823 2.53591e-05 0 0 
0.300752 4.7774e+26 5.83963e+17 2.6424e-18 2.01425e-18 3.12133e-18 0.0249924 0.133459 0.841528 2.03842e-05 0 0 
0.363409 4.84679e+26 6.16222e+17 2.77479e-18 2.21295e-18 3.22296e-18 0.0212878 0.113677 0.865019 1.63081e-05 0 0 
0.426065 4.9128e+26 6.48894e+17 2.91985e-18 2.41835e-18 3.33528e-18 0.0180576 0.0964277 0.885502 1.29934e-05 0 0 
0.488722 4.97547e+26 6.8192e+17 3.078e-18 2.63117e-18 3.46003e-18 0.0152627 0.081503 0.903224 1.03153e-05 0 0 
0.551378 5.03488e+26 7.15249e+17 3.24974e-18 2.85223e-18 3.59868e-18 0.0128606 0.0686755 0.918456 8.16394e-06 0 0 
0.614035 5.09111e+26 7.48834e+17 3.43561e-18 3.08245e-18 3.75252e-18 0.0108078 0.0577137 0.931472 6.44415e-06 0 0 
0.676692 5.14426e+26 7.82637e+17 3.63622e-18 3.32281e-18 3.92266e-18 0.00906221 0.0483922 0.942541 5.07516e-06 0 0 
0.739348 5.19446e+26 8.16624e+17 3.85224e-18 3.57437e-18 4.1101e-18 0.00758398 0.0404984 0.951914 3.98935e-06 0 0 
0.802005 5.24183e+26 8.50765e+17 4.0844e-18 3.83824e-18 4.31574e-18 0.0063366 0.0338374 0.959823 3.13076e-06 0 0 
0.864662 5.28649e+26 8.85035e+17 4.3335e-18 4.11559e-18 4.54048e-18 0.00528716 0.0282334 0.966477 2.4536e-06 0 0 
0.927318 5.32856e+26 9.19414e+17 4.60044e-18 4.40764e-18 4.78518e-18 0.00440646 0.0235305 0.972061 1.9207e-06 0 0 
0.989975 5.36819e+26 9.53883e+17 4.88617e-18 4.71567e-18 5.05074e-18 0.00366894 0.0195921 0.976737 1.5021e-06 0 0 
1.05263 5.40549e+26 9.88428e+17 5.19174e-18 5.04102e-18 5.3381e-18 0.00305239 0.0162998 0.980647 1.17378e-06 0 0 
1.11529 5.44059e+26 1.02304e+18 5.51827e-18 5.38508e-18 5.64825e-18 0.00253775 0.0135516 0.98391 9.16611e-07 0 0 
1.17794 5.47361e+26 1.0577e+18 5.86698e-18 5.74932e-18 5.9823e-18 0.0021087 0.0112604 0.98663 7.15383e-07 0 0 
1.2406 5.50466e+26 1.0924e+18 6.23919e-18 6.13527e-18 6.34139e-18 0.00175136 0.00935227 0.988896 5.5807e-07 0 0 
1.30326 5.53386e+26 1.12714e+18 6.6363e-18 6.54453e-18 6.72681e-18 0.00145401 0.00776443 0.990781 4.35181e-07 0 0 
1.36591 5.56131e+26 1.16191e+18 7.05983e-18 6.9788e-18 7.13993e-18 0.00120676 0.0064441 0.992349 3.39243e-07 0 0 
1.42857 5.58711e+26 1.19671e+18 7.5114e-18 7.43987e-18 7.58225e-18 0.00100128 0.00534685 0.993652 2.64384e-07 0 0 
1.49123 5.61135e+26 1.23153e+18 7.99274e-18 7.9296e-18 8.05538e-18 0.000830606 0.00443543 0.994734 2.05998e-07 0 0 
1.55388 5.63414e+26 1.26636e+18 8.50572e-18 8.44999e-18 8.56109e-18 0.000688894 0.0036787 0.995632 1.60475e-07 0 0 
1.61654 5.65555e+26 1.30121e+18 9.05232e-18 9.00314e-18 9.10124e-18 0.000571273 0.0030506 0.996378 1.24994e-07 0 0 
1.6792 5.67566e+26 1.33607e+18 9.63467e-18 9.59126e-18 9.67787e-18 0.000473673 0.00252941 0.996997 9.73446e-08 0 0 
1.74185 5.69457e+26 1.37094e+18 1.0255e-17 1.02167e-17 1.02932e-17 0.000392707 0.00209705 0.99751 7.58036e-08 0 0 
1.80451 5.71232e+26 1.40582e+18 1.09158e-17 1.0882e-17 1.09495e-17 0.000325551 0.00173844 0.997936 5.90241e-08 0 0 
1.86717 5.729e+26 1.4407e+18 1.16196e-17 1.15897e-17 1.16493e-17 0.00026986 0.00144105 0.998289 4.59555e-08 0 0 
1.92982 5.74467e+26 1.47559e+18 1.23691e-17 1.23428e-17 1.23953e-17 0.000223682 0.00119446 0.998582 3.57782e-08 0 0 
1.99248 5.7594e+26 1.51049e+18 1.31673e-17 1.31441e-17 1.31905e-17 0.000185397 0.00099002 0.998825 2.78534e-08 0 0 
2.05514 5.77322e+26 1.54539e+18 1.40173e-17 1.39968e-17 1.40377e-17 0.000153658 0.000820535 0.999026 2.16831e-08 0 0 
2.11779 5.78621e+26 1.58029e+18 1.49224e-17 1.49043e-17 1.49405e-17 0.000127349 0.000680042 0.999193 1.6879e-08 0 0 
2.18045 5.79842e+26 1.6152e+18 1.58862e-17 1.58703e-17 1.59021e-17 0.000105541 0.000563587 0.999331 1.3139e-08 0 0 
2.24311 5.80988e+26 1.6501e+18 1.69125e-17 1.68984e-17 1.69265e-17 8.74652e-05 0.000467064 0.999445 1.02274e-08 0 0 
2.30576 5.82064e+26 1.68501e+18 1.80052e-17 1.79928e-17 1.80176e-17 7.2484e-05 0.000387065 0.99954 7.96088e-09 0 0 
2.36842 5.83076e+26 1.71992e+18 1.91687e-17 1.91577e-17 1.91796e-17 6.00679e-05 0.000320762 0.999619 6.19655e-09 0 0 
2.43108 5.84026e+26 1.75484e+18 2.04075e-17 2.03978e-17 2.04171e-17 4.97779e-05 0.000265814 0.999684 4.82317e-09 0 0 
2.49373 5.84918e+26 1.78975e+18 2.17265e-17 2.17179e-17 2.1735e-17 4.12502e-05 0.000220276 0.999738 3.75414e-09 0 0 
2.55639 5.85756e+26 1.82466e+18 2.31308e-17 2.31233e-17 2.31383e-17 3.4183e-05 0.000182537 0.999783 2.92202e-09 0 0 
2.61905 5.86543e+26 1.85958e+18 2.4626e-17 2.46194e-17 2.46326e-17 2.83265e-05 0.000151263 0.99982 2.27433e-09 0 0 
2.6817 5.87282e+26 1.89449e+18 2.6218e-17 2.62121e-17 2.62238e-17 2.34732e-05 0.000125347 0.999851 1.7702e-09 0 0 
2.74436 5.87977e+26 1.92941e+18 2.79129e-17 2.79077e-17 2.7918e-17 1.94513e-05 0.00010387 0.999877 1.3778e-09 0 0 
2.80702 5.88629e+26 1.96432e+18 2.97174e-17 2.97129e-17 2.9722e-17 1.61184e-05 8.60725e-05 0.999898 1.07238e-09 0 0 
2.86967 5.89242e+26 1.99924e+18 3.16387e-17 3.16347e-17 3.16428e-17 1.33566e-05 7.13243e-05 0.999915 8.34666e-10 0 0 
2.93233 5.89817e+26 2.03416e+18 3.36843e-17 3.36807e-17 3.36878e-17 1.1068e-05 5.9103e-05 0.99993 6.4964e-10 0 0 
2.99499 5.90358e+26 2.06907e+18 3.58621e-17 3.5859e-17 3.58653e-17 9.17148e-06 4.89757e-05 0.999942 5.0563e-10 0 0 
3.05764 5.90866e+26 2.10399e+18 3.81808e-17 3.81781e-17 3.81836e-17 7.59993e-06 4.05836e-05 0.999952 3.93542e-10 0 0 
3.1203 5.91342e+26 2.13891e+18 4.06495e-17 4.06471e-17 4.06519e-17 6.29765e-06 3.36295e-05 0.99996 3.06301e-10 0 0 
3.18296 5.9179e+26 2.17383e+18 4.32778e-17 4.32756e-17 4.32799e-17 5.21852e-06 2.78669e-05 0.999967 2.384e-10 0 0 
3.24561 5.92211e+26 2.20874e+18 4.60761e-17 4.60742e-17 4.6078e-17 4.3243e-06 2.30918e-05 0.999973 1.85551e-10 0 0 
3.30827 5.92606e+26 2.24366e+18 4.90553e-17 4.90536e-17 4.90569e-17 3.5833e-06 1.91348e-05 0.999977 1.44417e-10 0 0 
3.37093 5.92977e+26 2.27858e+18 5.22271e-17 5.22257e-17 5.22286e-17 2.96928e-06 1.58559e-05 0.999981 1.12402e-10 0 0 
3.43358 5.93326e+26 2.3135e+18 5.56041e-17 5.56028e-17 5.56054e-17 2.46047e-06 1.31389e-05 0.999984 8.74844e-11 0 0 
3.49624 5.93653e+26 2.34841e+18 5.91995e-17 5.91983e-17 5.92006e-17 2.03885e-06 1.08874e-05 0.999987 6.80905e-11 0 0 
3.5589 5.93961e+26 2.38333e+18 6.30273e-17 6.30263e-17 6.30283e-17 1.68947e-06 9.02179e-06 0.999989 5.29958e-11 0 0 
3.62155 5.9425e+26 2.41825e+18 6.71027e-17 6.71018e-17 6.71036e-17 1.39997e-06 7.47583e-06 0.999991 4.12474e-11 0 0 
3.68421 5.94521e+26 2.45317e+18 7.14416e-17 7.14408e-17 7.14424e-17 1.16007e-06 6.19477e-06 0.999993 3.21034e-11 0 0 
3.74687 5.94776e+26 2.48809e+18 7.6061e-17 7.60603e-17 7.60617e-17 9.61281e-07 5.13324e-06 0.999994 2.49866e-11 0 0 
3.80952 5.95015e+26 2.523e+18 8.09792e-17 8.09786e-17 8.09798e-17 7.96557e-07 4.25361e-06 0.999995 1.94474e-11 0 0 
3.87218 5.9524e+26 2.55792e+18 8.62154e-17 8.62148e-17 8.62159e-17 6.60059e-07 3.52471e-06 0.999996 1.51362e-11 0 0 
3.93484 5.95452e+26 2.59284e+18 9.17901e-17 9.17896e-17 9.17906e-17 5.46951e-07 2.92072e-06 0.999997 1.17807e-11 0 0 
3.99749 5.9565e+26 2.62776e+18 9.77253e-17 9.77249e-17 9.77258e-17 4.53226e-07 2.42023e-06 0.999997 9.16906e-12 0 0 
4.06015 5.95836e+26 2.66268e+18 1.04044e-16 1.04044e-16 1.04045e-16 3.75561e-07 2.0055e-06 0.999998 7.1364e-12 0 0 
4.12281 5.96011e+26 2.69759e+18 1.10772e-16 1.10772e-16 1.10772e-16 3.11205e-07 1.66183e-06 0.999998 5.55436e-12 0 0 
4.18546 5.96176e+26 2.73251e+18 1.17935e-16 1.17934e-16 1.17935e-16 2.57877e-07 1.37706e-06 0.999998 4.32303e-12 0 0 
4.24812 5.9633e+26 2.76743e+18 1.2556e-16 1.2556e-16 1.25561e-16 2.13687e-07 1.14109e-06 0.999999 3.36467e-12 0 0 
4.31078 5.96475e+26 2.80235e+18 1.33679e-16 1.33679e-16 1.33679e-16 1.7707e-07 9.45551e-07 0.999999 2.61877e-12 0 0 
4.37343 5.96611e+26 2.83727e+18 1.42323e-16 1.42323e-16 1.42323e-16 1.46727e-07 7.83522e-07 0.999999 2.03822e-12 0 0 
4.43609 5.96739e+26 2.87218e+18 1.51526e-16 1.51526e-16 1.51526e-16 1.21584e-07 6.49257e-07 0.999999 1.58637e-12 0 0 
4.49875 5.96859e+26 2.9071e+18 1.61324e-16 1.61324e-16 1.61324e-16 1.00749e-07 5.38e-07 0.999999 1.2347e-12 0 0 
4.5614 5.96972e+26 2.94202e+18 1.71755e-16 1.71755e-16 1.71755e-16 8.34847e-08 4.45808e-07 0.999999 9.6098e-13 0 0 
4.62406 5.97078e+26 2.97694e+18 1.82861e-16 1.82861e-16 1.82861e-16 6.91788e-08 3.69415e-07 1 7.47943e-13 0 0 
4.68672 5.97178e+26 3.01186e+18 1.94685e-16 1.94685e-16 1.94685e-16 5.73243e-08 3.06112e-07 1 5.82134e-13 0 0 
4.74937 5.97271e+26 3.04677e+18 2.07274e-16 2.07273e-16 2.07274e-16 4.75012e-08 2.53656e-07 1 4.53082e-13 0 0 
4.81203 5.97359e+26 3.08169e+18 2.20676e-16 2.20676e-16 2.20676e-16 3.93613e-08 2.1019e-07 1 3.5264e-13 0 0 
4.87469 5.97442e+26 3.11661e+18 2.34945e-16 2.34945e-16 2.34945e-16 3.26164e-08 1.74171e-07 1 2.74464e-13 0 0 
4.93734 5.97519e+26 3.15153e+18 2.50137e-16 2.50137e-16 2.50137e-16 2.70272e-08 1.44325e-07 1 2.13619e-13 0 0 
5 5.97592e+26 3.18645e+18 2.66311e-16 2.66311e-16 2.66311e-16 2.23958e-08 1.19594e-07 1 1.66262e-13 0 0 
