2 1003.5
3 972.987
4 940.217
5 916.802
6 901.804
7 893.279
8 889.625
9 889.153
10 892.574
11 897.652
12 904.676
13 912.482
14 922.067
15 933.322
16 944.138
17 955.19
18 967.62
19 981.738
20 996.802
21 1011.44
22 1025.79
23 1040.33
24 1055.29
25 1070.58
26 1085.96
27 1101.54
28 1117.42
29 1133.57
30 1149.76
31 1165.68
32 1181.45
33 1197.27
34 1213.33
35 1229.73
36 1246.56
37 1263.82
38 1281.47
39 1299.36
40 1317.3
41 1335.07
42 1352.68
43 1370.23
44 1387.79
45 1405.42
46 1423.17
47 1441.08
48 1459.15
49 1477.39
50 1495.75
51 1514.22
52 1532.82
53 1551.59
54 1570.57
55 1589.78
56 1609.23
57 1628.93
58 1648.88
59 1669.04
60 1689.39
61 1709.9
62 1730.57
63 1751.44
64 1772.54
65 1793.87
66 1815.46
67 1837.3
68 1859.42
69 1881.8
70 1904.44
71 1927.33
72 1950.48
73 1973.91
74 1997.62
75 2021.63
76 2045.95
77 2070.57
78 2095.5
79 2120.72
80 2146.23
81 2172.03
82 2198.11
83 2224.48
84 2251.16
85 2278.14
86 2305.44
87 2333.04
88 2360.96
89 2389.18
90 2417.69
91 2446.5
92 2475.59
93 2504.98
94 2534.65
95 2564.62
96 2594.87
97 2625.4
98 2656.2
99 2687.26
100 2718.56
101 2750.11
102 2781.89
103 2813.9
104 2846.15
105 2878.64
106 2911.37
107 2944.33
108 2977.51
109 3010.93
110 3044.56
111 3078.4
112 3112.44
113 3146.67
114 3181.09
115 3215.68
116 3250.42
117 3285.31
118 3320.31
119 3355.43
120 3390.63
121 3425.9
122 3461.22
123 3496.6
124 3532.03
125 3567.49
126 3602.99
127 3638.51
128 3674.03
129 3709.57
130 3745.09
131 3780.59
132 3816.06
133 3851.49
134 3886.86
135 3922.16
136 3957.38
137 3992.49
138 4027.48
139 4062.34
140 4097.04
141 4131.57
142 4165.92
143 4200.08
144 4234.04
145 4267.78
146 4301.29
147 4334.57
148 4367.6
149 4400.37
150 4432.87
151 4465.08
152 4496.99
153 4528.59
154 4559.86
155 4590.79
156 4621.37
157 4651.57
158 4681.38
159 4710.8
160 4739.79
161 4768.35
162 4796.46
163 4824.11
164 4851.3
165 4878.02
166 4904.25
167 4929.98
168 4955.21
169 4979.92
170 5004.1
171 5027.75
172 5050.85
173 5073.39
174 5095.37
175 5116.76
176 5137.57
177 5157.78
178 5177.37
179 5196.35
180 5214.69
181 5232.38
182 5249.43
183 5265.82
184 5281.55
185 5296.61
186 5310.99
187 5324.7
188 5337.71
189 5350.04
190 5361.66
191 5372.59
192 5382.81
193 5392.31
194 5401.1
195 5409.16
196 5416.5
197 5423.11
198 5428.98
199 5434.12
200 5438.51
201 5442.15
202 5445.05
203 5447.2
204 5448.6
205 5449.25
206 5449.15
207 5448.31
208 5446.71
209 5444.37
210 5441.28
211 5437.44
212 5432.87
213 5427.55
214 5421.49
215 5414.69
216 5407.17
217 5398.91
218 5389.92
219 5380.21
220 5369.78
221 5358.64
222 5346.79
223 5334.24
224 5320.98
225 5307.03
226 5292.4
227 5277.09
228 5261.1
229 5244.44
230 5227.12
231 5209.14
232 5190.52
233 5171.26
234 5151.37
235 5130.86
236 5109.73
237 5088
238 5065.67
239 5042.76
240 5019.27
241 4995.22
242 4970.62
243 4945.47
244 4919.79
245 4893.6
246 4866.9
247 4839.7
248 4812.03
249 4783.89
250 4755.3
251 4726.27
252 4696.82
253 4666.94
254 4636.67
255 4605.99
256 4574.94
257 4543.51
258 4511.73
259 4479.6
260 4447.14
261 4414.35
262 4381.26
263 4347.87
264 4314.21
265 4280.27
266 4246.09
267 4211.66
268 4177.02
269 4142.16
270 4107.12
271 4071.9
272 4036.51
273 4000.99
274 3965.33
275 3929.57
276 3893.71
277 3857.77
278 3821.77
279 3785.71
280 3749.61
281 3713.48
282 3677.33
283 3641.19
284 3605.06
285 3568.96
286 3532.9
287 3496.89
288 3460.96
289 3425.11
290 3389.36
291 3353.73
292 3318.23
293 3282.88
294 3247.69
295 3212.67
296 3177.86
297 3143.25
298 3108.86
299 3074.72
300 3040.84
301 3007.24
302 2973.92
303 2940.89
304 2908.16
305 2875.74
306 2843.64
307 2811.86
308 2780.41
309 2749.3
310 2718.53
311 2688.11
312 2658.06
313 2628.37
314 2599.06
315 2570.12
316 2541.58
317 2513.43
318 2485.68
319 2458.33
320 2431.41
321 2404.9
322 2378.82
323 2353.17
324 2327.97
325 2303.21
326 2278.89
327 2255.04
328 2231.65
329 2208.73
330 2186.28
331 2164.31
332 2142.83
333 2121.84
334 2101.34
335 2081.34
336 2061.85
337 2042.86
338 2024.39
339 2006.44
340 1989.01
341 1972.11
342 1955.74
343 1939.91
344 1924.62
345 1909.86
346 1895.66
347 1882
348 1868.9
349 1856.36
350 1844.37
351 1832.95
352 1822.08
353 1811.78
354 1802.04
355 1792.85
356 1784.22
357 1776.14
358 1768.62
359 1761.64
360 1755.21
361 1749.32
362 1743.96
363 1739.15
364 1734.86
365 1731.1
366 1727.87
367 1725.15
368 1722.95
369 1721.25
370 1720.06
371 1719.36
372 1719.16
373 1719.44
374 1720.2
375 1721.43
376 1723.13
377 1725.28
378 1727.88
379 1730.93
380 1734.41
381 1738.31
382 1742.63
383 1747.36
384 1752.48
385 1758
386 1763.89
387 1770.15
388 1776.77
389 1783.74
390 1791.04
391 1798.66
392 1806.6
393 1814.84
394 1823.37
395 1832.17
396 1841.23
397 1850.55
398 1860.1
399 1869.87
400 1879.84
401 1890.01
402 1900.37
403 1910.91
404 1921.63
405 1932.52
406 1943.57
407 1954.78
408 1966.15
409 1977.66
410 1989.32
411 2001.11
412 2013.03
413 2025.07
414 2037.22
415 2049.49
416 2061.85
417 2074.31
418 2086.85
419 2099.48
420 2112.17
421 2124.93
422 2137.74
423 2150.6
424 2163.5
425 2176.43
426 2189.38
427 2202.34
428 2215.3
429 2228.26
430 2241.21
431 2254.13
432 2267.01
433 2279.86
434 2292.65
435 2305.37
436 2318.02
437 2330.59
438 2343.06
439 2355.42
440 2367.67
441 2379.79
442 2391.77
443 2403.6
444 2415.26
445 2426.75
446 2438.06
447 2449.16
448 2460.05
449 2470.72
450 2481.16
451 2491.34
452 2501.27
453 2510.96
454 2520.39
455 2529.56
456 2538.49
457 2547.16
458 2555.57
459 2563.73
460 2571.64
461 2579.29
462 2586.68
463 2593.81
464 2600.69
465 2607.31
466 2613.67
467 2619.77
468 2625.61
469 2631.2
470 2636.52
471 2641.59
472 2646.4
473 2650.95
474 2655.23
475 2659.26
476 2663.03
477 2666.54
478 2669.8
479 2672.79
480 2675.53
481 2678
482 2680.22
483 2682.18
484 2683.89
485 2685.34
486 2686.53
487 2687.47
488 2688.15
489 2688.57
490 2688.75
491 2688.67
492 2688.34
493 2687.75
494 2686.92
495 2685.84
496 2684.5
497 2682.92
498 2681.1
499 2679.02
500 2676.71
501 2674.15
502 2671.35
503 2668.31
504 2665.05
505 2661.56
506 2657.85
507 2653.93
508 2649.8
509 2645.46
510 2640.92
511 2636.19
512 2631.27
513 2626.17
514 2620.89
515 2615.44
516 2609.83
517 2604.05
518 2598.12
519 2592.05
520 2585.83
521 2579.48
522 2573.01
523 2566.41
524 2559.7
525 2552.88
526 2545.96
527 2538.95
528 2531.85
529 2524.68
530 2517.43
531 2510.13
532 2502.76
533 2495.35
534 2487.9
535 2480.41
536 2472.91
537 2465.39
538 2457.86
539 2450.33
540 2442.82
541 2435.32
542 2427.85
543 2420.42
544 2413.04
545 2405.71
546 2398.44
547 2391.25
548 2384.15
549 2377.14
550 2370.23
551 2363.43
552 2356.75
553 2350.19
554 2343.76
555 2337.45
556 2331.27
557 2325.22
558 2319.31
559 2313.54
560 2307.91
561 2302.43
562 2297.09
563 2291.91
564 2286.88
565 2282.02
566 2277.31
567 2272.78
568 2268.41
569 2264.22
570 2260.2
571 2256.37
572 2252.71
573 2249.25
574 2245.98
575 2242.9
576 2240.02
577 2237.35
578 2234.88
579 2232.62
580 2230.58
581 2228.75
582 2227.14
583 2225.76
584 2224.61
585 2223.7
586 2223.02
587 2222.58
588 2222.39
589 2222.45
590 2222.76
591 2223.33
592 2224.16
593 2225.26
594 2226.63
595 2228.27
596 2230.19
597 2232.4
598 2234.89
599 2237.68
600 2240.76
601 2244.14
602 2247.81
603 2251.78
604 2256.05
605 2260.6
606 2265.44
607 2270.56
608 2275.96
609 2281.63
610 2287.58
611 2293.8
612 2300.28
613 2307.02
614 2314.02
615 2321.28
616 2328.78
617 2336.53
618 2344.53
619 2352.76
620 2361.23
621 2369.92
622 2378.84
623 2387.99
624 2397.35
625 2406.92
626 2416.7
627 2426.68
628 2436.86
629 2447.23
630 2457.8
631 2468.54
632 2479.46
633 2490.56
634 2501.83
635 2513.25
636 2524.84
637 2536.58
638 2548.46
639 2560.48
640 2572.64
641 2584.93
642 2597.34
643 2609.87
644 2622.51
645 2635.26
646 2648.1
647 2661.04
648 2674.06
649 2687.17
650 2700.34
651 2713.59
652 2726.89
653 2740.25
654 2753.67
655 2767.12
656 2780.62
657 2794.15
658 2807.7
659 2821.28
660 2834.87
661 2848.47
662 2862.08
663 2875.68
664 2889.27
665 2902.85
666 2916.41
667 2929.93
668 2943.43
669 2956.87
670 2970.28
671 2983.62
672 2996.91
673 3010.12
674 3023.26
675 3036.31
676 3049.28
677 3062.14
678 3074.91
679 3087.56
680 3100.09
681 3112.49
682 3124.75
683 3136.88
684 3148.85
685 3160.67
686 3172.32
687 3183.79
688 3195.08
689 3206.18
690 3217.08
691 3227.78
692 3238.26
693 3248.51
694 3258.53
695 3268.31
696 3277.84
697 3287.12
698 3296.12
699 3304.84
700 3313.28
701 3321.43
702 3329.28
703 3336.83
704 3344.08
705 3351.04
706 3357.69
707 3364.04
708 3370.08
709 3375.82
710 3381.26
711 3386.39
712 3391.2
713 3395.71
714 3399.91
715 3403.8
716 3407.37
717 3410.63
718 3413.58
719 3416.21
720 3418.52
721 3420.51
722 3422.18
723 3423.54
724 3424.57
725 3425.28
726 3425.66
727 3425.72
728 3425.46
729 3424.86
730 3423.95
731 3422.7
732 3421.12
733 3419.21
734 3416.97
735 3414.4
736 3411.49
737 3408.25
738 3404.68
739 3400.77
740 3396.52
741 3391.93
742 3387.01
743 3381.74
744 3376.14
745 3370.19
746 3363.9
747 3357.27
748 3350.29
749 3342.97
750 3335.31
751 3327.3
752 3318.95
753 3310.26
754 3301.23
755 3291.88
756 3282.21
757 3272.22
758 3261.91
759 3251.29
760 3240.37
761 3229.15
762 3217.63
763 3205.82
764 3193.73
765 3181.36
766 3168.72
767 3155.81
768 3142.63
769 3129.2
770 3115.52
771 3101.59
772 3087.41
773 3073.01
774 3058.37
775 3043.51
776 3028.43
777 3013.15
778 2997.65
779 2981.96
780 2966.08
781 2950.01
782 2933.76
783 2917.33
784 2900.74
785 2883.99
786 2867.09
787 2850.04
788 2832.85
789 2815.52
790 2798.07
791 2780.51
792 2762.83
793 2745.04
794 2727.16
795 2709.19
796 2691.14
797 2673.01
798 2654.81
799 2636.56
800 2618.25
801 2599.9
802 2581.51
803 2563.08
804 2544.63
805 2526.15
806 2507.65
807 2489.14
808 2470.62
809 2452.09
810 2433.57
811 2415.05
812 2396.55
813 2378.06
814 2359.6
815 2341.16
816 2322.76
817 2304.4
818 2286.08
819 2267.81
820 2249.6
821 2231.46
822 2213.38
823 2195.37
824 2177.44
825 2159.6
826 2141.86
827 2124.2
828 2106.66
829 2089.22
830 2071.9
831 2054.7
832 2037.63
833 2020.7
834 2003.91
835 1987.27
836 1970.78
837 1954.45
838 1938.29
839 1922.31
840 1906.51
841 1890.89
842 1875.47
843 1860.25
844 1845.24
845 1830.45
846 1815.88
847 1801.54
848 1787.44
849 1773.58
850 1759.97
851 1746.62
852 1733.53
853 1720.7
854 1708.13
855 1695.82
856 1683.76
857 1671.97
858 1660.44
859 1649.16
860 1638.15
861 1627.4
862 1616.9
863 1606.67
864 1596.7
865 1586.98
866 1577.53
867 1568.33
868 1559.4
869 1550.72
870 1542.31
871 1534.15
872 1526.26
873 1518.62
874 1511.24
875 1504.12
876 1497.26
877 1490.66
878 1484.32
879 1478.23
880 1472.4
881 1466.83
882 1461.52
883 1456.46
884 1451.66
885 1447.12
886 1442.83
887 1438.8
888 1435.02
889 1431.5
890 1428.23
891 1425.22
892 1422.46
893 1419.95
894 1417.7
895 1415.7
896 1413.95
897 1412.45
898 1411.2
899 1410.2
900 1409.45
901 1408.95
902 1408.7
903 1408.68
904 1408.91
905 1409.36
906 1410.05
907 1410.96
908 1412.09
909 1413.44
910 1415
911 1416.77
912 1418.74
913 1420.91
914 1423.28
915 1425.84
916 1428.58
917 1431.51
918 1434.61
919 1437.89
920 1441.33
921 1444.94
922 1448.7
923 1452.62
924 1456.69
925 1460.9
926 1465.25
927 1469.73
928 1474.34
929 1479.07
930 1483.92
931 1488.88
932 1493.95
933 1499.13
934 1504.4
935 1509.76
936 1515.21
937 1520.73
938 1526.34
939 1532.01
940 1537.74
941 1543.53
942 1549.38
943 1555.27
944 1561.2
945 1567.16
946 1573.16
947 1579.17
948 1585.2
949 1591.24
950 1597.29
951 1603.33
952 1609.37
953 1615.39
954 1621.41
955 1627.41
956 1633.4
957 1639.36
958 1645.29
959 1651.2
960 1657.08
961 1662.93
962 1668.73
963 1674.5
964 1680.22
965 1685.89
966 1691.51
967 1697.08
968 1702.58
969 1708.03
970 1713.41
971 1718.72
972 1723.96
973 1729.12
974 1734.21
975 1739.21
976 1744.12
977 1748.94
978 1753.67
979 1758.3
980 1762.82
981 1767.24
982 1771.56
983 1775.75
984 1779.83
985 1783.79
986 1787.62
987 1791.32
988 1794.89
989 1798.32
990 1801.61
991 1804.76
992 1807.75
993 1810.59
994 1813.27
995 1815.79
996 1818.14
997 1820.32
998 1822.32
999 1824.15
1000 1825.79
1001 1827.24
1002 1828.51
1003 1829.59
1004 1830.48
1005 1831.2
1006 1831.73
1007 1832.07
1008 1832.24
1009 1832.24
1010 1832.05
1011 1831.69
1012 1831.16
1013 1830.45
1014 1829.57
1015 1828.52
1016 1827.31
1017 1825.93
1018 1824.38
1019 1822.67
1020 1820.8
1021 1818.76
1022 1816.57
1023 1814.22
1024 1811.72
1025 1809.06
1026 1806.25
1027 1803.29
1028 1800.18
1029 1796.93
1030 1793.52
1031 1789.98
1032 1786.29
1033 1782.46
1034 1778.5
1035 1774.39
1036 1770.16
1037 1765.79
1038 1761.29
1039 1756.66
1040 1751.9
1041 1747.02
1042 1742.01
1043 1736.89
1044 1731.64
1045 1726.28
1046 1720.8
1047 1715.21
1048 1709.51
1049 1703.7
1050 1697.78
1051 1691.76
1052 1685.63
1053 1679.41
1054 1673.09
1055 1666.68
1056 1660.18
1057 1653.59
1058 1646.92
1059 1640.18
1060 1633.35
1061 1626.46
1062 1619.49
1063 1612.46
1064 1605.36
1065 1598.21
1066 1591
1067 1583.74
1068 1576.43
1069 1569.07
1070 1561.67
1071 1554.24
1072 1546.76
1073 1539.26
1074 1531.74
1075 1524.18
1076 1516.61
1077 1509.02
1078 1501.43
1079 1493.82
1080 1486.21
1081 1478.59
1082 1470.98
1083 1463.38
1084 1455.79
1085 1448.21
1086 1440.66
1087 1433.12
1088 1425.61
1089 1418.14
1090 1410.7
1091 1403.3
1092 1395.94
1093 1388.63
1094 1381.38
1095 1374.18
1096 1367.04
1097 1359.97
1098 1352.96
1099 1346.03
1100 1339.18
1101 1332.41
1102 1325.73
1103 1319.13
1104 1312.61
1105 1306.19
1106 1299.85
1107 1293.61
1108 1287.46
1109 1281.4
1110 1275.44
1111 1269.57
1112 1263.81
1113 1258.14
1114 1252.57
1115 1247.11
1116 1241.75
1117 1236.5
1118 1231.35
1119 1226.31
1120 1221.39
1121 1216.57
1122 1211.87
1123 1207.28
1124 1202.81
1125 1198.46
1126 1194.22
1127 1190.11
1128 1186.12
1129 1182.25
1130 1178.51
1131 1174.9
1132 1171.41
1133 1168.06
1134 1164.84
1135 1161.75
1136 1158.79
1137 1155.98
1138 1153.3
1139 1150.76
1140 1148.36
1141 1146.11
1142 1144
1143 1142.04
1144 1140.23
1145 1138.57
1146 1137.06
1147 1135.71
1148 1134.5
1149 1133.46
1150 1132.58
1151 1131.85
1152 1131.28
1153 1130.87
1154 1130.62
1155 1130.52
1156 1130.56
1157 1130.76
1158 1131.1
1159 1131.58
1160 1132.2
1161 1132.97
1162 1133.87
1163 1134.9
1164 1136.07
1165 1137.36
1166 1138.78
1167 1140.33
1168 1142
1169 1143.79
1170 1145.7
1171 1147.73
1172 1149.86
1173 1152.11
1174 1154.47
1175 1156.93
1176 1159.49
1177 1162.15
1178 1164.91
1179 1167.77
1180 1170.72
1181 1173.76
1182 1176.88
1183 1180.09
1184 1183.38
1185 1186.75
1186 1190.2
1187 1193.72
1188 1197.31
1189 1200.97
1190 1204.69
1191 1208.48
1192 1212.32
1193 1216.23
1194 1220.18
1195 1224.19
1196 1228.24
1197 1232.34
1198 1236.48
1199 1240.66
1200 1244.87
1201 1249.12
1202 1253.39
1203 1257.7
1204 1262.03
1205 1266.38
1206 1270.75
1207 1275.14
1208 1279.55
1209 1283.97
1210 1288.4
1211 1292.84
1212 1297.28
1213 1301.73
1214 1306.18
1215 1310.62
1216 1315.07
1217 1319.5
1218 1323.92
1219 1328.33
1220 1332.73
1221 1337.11
1222 1341.46
1223 1345.8
1224 1350.1
1225 1354.38
1226 1358.63
1227 1362.84
1228 1367.01
1229 1371.15
1230 1375.24
1231 1379.28
1232 1383.28
1233 1387.22
1234 1391.11
1235 1394.95
1236 1398.72
1237 1402.43
1238 1406.07
1239 1409.65
1240 1413.15
1241 1416.57
1242 1419.92
1243 1423.18
1244 1426.36
1245 1429.46
1246 1432.46
1247 1435.37
1248 1438.18
1249 1440.89
1250 1443.49
1251 1446
1252 1448.39
1253 1450.67
1254 1452.85
1255 1454.92
1256 1456.88
1257 1458.72
1258 1460.46
1259 1462.09
1260 1463.6
1261 1465
1262 1466.29
1263 1467.46
1264 1468.52
1265 1469.47
1266 1470.3
1267 1471.01
1268 1471.61
1269 1472.09
1270 1472.45
1271 1472.69
1272 1472.82
1273 1472.82
1274 1472.71
1275 1472.47
1276 1472.11
1277 1471.63
1278 1471.03
1279 1470.3
1280 1469.46
1281 1468.48
1282 1467.38
1283 1466.16
1284 1464.81
1285 1463.33
1286 1461.73
1287 1460
1288 1458.14
1289 1456.14
1290 1454.02
1291 1451.77
1292 1449.39
1293 1446.88
1294 1444.23
1295 1441.45
1296 1438.54
1297 1435.5
1298 1432.31
1299 1429
1300 1425.55
1301 1421.96
1302 1418.23
1303 1414.38
1304 1410.39
1305 1406.28
1306 1402.04
1307 1397.67
1308 1393.19
1309 1388.58
1310 1383.86
1311 1379.03
1312 1374.08
1313 1369.02
1314 1363.85
1315 1358.58
1316 1353.21
1317 1347.73
1318 1342.16
1319 1336.49
1320 1330.72
1321 1324.87
1322 1318.92
1323 1312.89
1324 1306.78
1325 1300.59
1326 1294.31
1327 1287.96
1328 1281.54
1329 1275.05
1330 1268.48
1331 1261.85
1332 1255.16
1333 1248.41
1334 1241.6
1335 1234.73
1336 1227.81
1337 1220.84
1338 1213.83
1339 1206.77
1340 1199.66
1341 1192.52
1342 1185.34
1343 1178.13
1344 1170.89
1345 1163.62
1346 1156.33
1347 1149.01
1348 1141.67
1349 1134.32
1350 1126.95
1351 1119.58
1352 1112.19
1353 1104.8
1354 1097.41
1355 1090.01
1356 1082.61
1357 1075.21
1358 1067.82
1359 1060.43
1360 1053.05
1361 1045.68
1362 1038.33
1363 1030.98
1364 1023.66
1365 1016.35
1366 1009.07
1367 1001.8
1368 994.564
1369 987.354
1370 980.173
1371 973.024
1372 965.91
1373 958.832
1374 951.792
1375 944.794
1376 937.839
1377 930.929
1378 924.068
1379 917.257
1380 910.498
1381 903.794
1382 897.148
1383 890.561
1384 884.036
1385 877.576
1386 871.183
1387 864.859
1388 858.607
1389 852.43
1390 846.329
1391 840.307
1392 834.367
1393 828.511
1394 822.742
1395 817.062
1396 811.474
1397 805.981
1398 800.584
1399 795.287
1400 790.092
1401 785.001
1402 780.015
1403 775.133
1404 770.354
1405 765.679
1406 761.108
1407 756.639
1408 752.272
1409 748.008
1410 743.846
1411 739.785
1412 735.826
1413 731.967
1414 728.209
1415 724.55
1416 720.992
1417 717.533
1418 714.173
1419 710.911
1420 707.748
1421 704.683
1422 701.716
1423 698.845
1424 696.071
1425 693.394
1426 690.812
1427 688.326
1428 685.935
1429 683.639
1430 681.437
1431 679.329
1432 677.315
1433 675.393
1434 673.564
1435 671.828
1436 670.183
1437 668.629
1438 667.166
1439 665.793
1440 664.511
1441 663.317
1442 662.213
1443 661.198
1444 660.27
1445 659.43
1446 658.677
1447 658.01
1448 657.43
1449 656.935
1450 656.526
1451 656.2
1452 655.958
1453 655.798
1454 655.718
1455 655.717
1456 655.792
1457 655.944
1458 656.17
1459 656.469
1460 656.839
1461 657.279
1462 657.787
1463 658.361
1464 659.001
1465 659.704
1466 660.469
1467 661.294
1468 662.178
1469 663.12
1470 664.116
1471 665.167
1472 666.27
1473 667.423
1474 668.625
1475 669.875
1476 671.17
1477 672.509
1478 673.89
1479 675.312
1480 676.772
1481 678.27
1482 679.803
1483 681.369
1484 682.967
1485 684.596
1486 686.252
1487 687.935
1488 689.643
1489 691.374
1490 693.125
1491 694.896
1492 696.684
1493 698.488
1494 700.306
1495 702.135
1496 703.974
1497 705.822
1498 707.675
1499 709.533
1500 711.393
1501 713.254
1502 715.114
1503 716.971
1504 718.825
1505 720.674
1506 722.518
1507 724.353
1508 726.18
1509 727.997
1510 729.803
1511 731.595
1512 733.374
1513 735.137
1514 736.883
1515 738.611
1516 740.319
1517 742.006
1518 743.671
1519 745.312
1520 746.927
1521 748.516
1522 750.077
1523 751.608
1524 753.108
1525 754.576
1526 756.01
1527 757.408
1528 758.77
1529 760.093
1530 761.377
1531 762.619
1532 763.818
1533 764.974
1534 766.083
1535 767.145
1536 768.158
1537 769.121
1538 770.032
1539 770.889
1540 771.691
1541 772.437
1542 773.124
1543 773.752
1544 774.319
1545 774.822
1546 775.261
1547 775.634
1548 775.939
1549 776.174
1550 776.339
1551 776.431
1552 776.451
1553 776.4
1554 776.277
1555 776.084
1556 775.821
1557 775.488
1558 775.087
1559 774.617
1560 774.079
1561 773.474
1562 772.801
1563 772.063
1564 771.259
1565 770.39
1566 769.457
1567 768.459
1568 767.398
1569 766.274
1570 765.088
1571 763.841
1572 762.532
1573 761.163
1574 759.734
1575 758.246
1576 756.699
1577 755.094
1578 753.432
1579 751.712
1580 749.937
1581 748.106
1582 746.22
1583 744.28
1584 742.286
1585 740.24
1586 738.141
1587 735.99
1588 733.788
1589 731.535
1590 729.233
1591 726.882
1592 724.483
1593 722.035
1594 719.541
1595 717
1596 714.414
1597 711.782
1598 709.106
1599 706.387
1600 703.625
1601 700.82
1602 697.975
1603 695.09
1604 692.168
1605 689.208
1606 686.214
1607 683.185
1608 680.125
1609 677.033
1610 673.912
1611 670.763
1612 667.588
1613 664.387
1614 661.163
1615 657.916
1616 654.649
1617 651.363
1618 648.059
1619 644.74
1620 641.405
1621 638.058
1622 634.699
1623 631.33
1624 627.952
1625 624.568
1626 621.178
1627 617.785
1628 614.39
1629 610.994
1630 607.599
1631 604.206
1632 600.819
1633 597.436
1634 594.062
1635 590.697
1636 587.342
1637 584
1638 580.672
1639 577.36
1640 574.065
1641 570.79
1642 567.535
1643 564.303
1644 561.095
1645 557.914
1646 554.759
1647 551.635
1648 548.541
1649 545.481
1650 542.455
1651 539.465
1652 536.512
1653 533.596
1654 530.717
1655 527.876
1656 525.072
1657 522.307
1658 519.579
1659 516.89
1660 514.239
1661 511.628
1662 509.055
1663 506.522
1664 504.029
1665 501.576
1666 499.162
1667 496.79
1668 494.458
1669 492.167
1670 489.917
1671 487.708
1672 485.542
1673 483.417
1674 481.334
1675 479.294
1676 477.297
1677 475.343
1678 473.432
1679 471.564
1680 469.741
1681 467.961
1682 466.226
1683 464.535
1684 462.89
1685 461.289
1686 459.734
1687 458.224
1688 456.76
1689 455.343
1690 453.972
1691 452.647
1692 451.37
1693 450.14
1694 448.957
1695 447.823
1696 446.736
1697 445.698
1698 444.708
1699 443.767
1700 442.876
1701 442.034
1702 441.24
1703 440.495
1704 439.798
1705 439.148
1706 438.544
1707 437.987
1708 437.475
1709 437.008
1710 436.585
1711 436.207
1712 435.871
1713 435.577
1714 435.326
1715 435.116
1716 434.947
1717 434.818
1718 434.728
1719 434.677
1720 434.665
1721 434.69
1722 434.752
1723 434.851
1724 434.985
1725 435.155
1726 435.359
1727 435.596
1728 435.868
1729 436.171
1730 436.507
1731 436.874
1732 437.271
1733 437.698
1734 438.155
1735 438.64
1736 439.153
1737 439.694
1738 440.261
1739 440.853
1740 441.471
1741 442.114
1742 442.78
1743 443.47
1744 444.182
1745 444.915
1746 445.67
1747 446.445
1748 447.24
1749 448.053
1750 448.884
1751 449.733
1752 450.599
1753 451.481
1754 452.377
1755 453.289
1756 454.214
1757 455.151
1758 456.101
1759 457.063
1760 458.035
1761 459.017
1762 460.008
1763 461.007
1764 462.014
1765 463.028
1766 464.047
1767 465.072
1768 466.101
1769 467.134
1770 468.17
1771 469.207
1772 470.245
1773 471.284
1774 472.323
1775 473.36
1776 474.395
1777 475.427
1778 476.455
1779 477.479
1780 478.497
1781 479.509
1782 480.513
1783 481.51
1784 482.497
1785 483.475
1786 484.443
1787 485.399
1788 486.342
1789 487.272
1790 488.189
1791 489.09
1792 489.975
1793 490.844
1794 491.695
1795 492.527
1796 493.34
1797 494.133
1798 494.905
1799 495.654
1800 496.38
1801 497.082
1802 497.76
1803 498.413
1804 499.041
1805 499.644
1806 500.22
1807 500.771
1808 501.294
1809 501.791
1810 502.26
1811 502.701
1812 503.115
1813 503.499
1814 503.855
1815 504.181
1816 504.477
1817 504.743
1818 504.979
1819 505.184
1820 505.357
1821 505.499
1822 505.608
1823 505.685
1824 505.729
1825 505.739
1826 505.716
1827 505.658
1828 505.566
1829 505.438
1830 505.276
1831 505.077
1832 504.842
1833 504.57
1834 504.262
1835 503.915
1836 503.531
1837 503.108
1838 502.647
1839 502.146
1840 501.606
1841 501.025
1842 500.404
1843 499.742
1844 499.038
1845 498.293
1846 497.506
1847 496.675
1848 495.802
1849 494.884
1850 493.923
1851 492.918
1852 491.868
1853 490.775
1854 489.639
1855 488.461
1856 487.241
1857 485.98
1858 484.678
1859 483.337
1860 481.955
1861 480.535
1862 479.076
1863 477.579
1864 476.045
1865 474.475
1866 472.868
1867 471.226
1868 469.549
1869 467.837
1870 466.092
1871 464.314
1872 462.503
1873 460.66
1874 458.785
1875 456.88
1876 454.945
1877 452.98
1878 450.987
1879 448.965
1880 446.915
1881 444.839
1882 442.735
1883 440.606
1884 438.452
1885 436.274
1886 434.071
1887 431.845
1888 429.597
1889 427.326
1890 425.034
1891 422.722
1892 420.39
1893 418.038
1894 415.667
1895 413.279
1896 410.873
1897 408.45
1898 406.011
1899 403.557
1900 401.089
1901 398.606
1902 396.11
1903 393.603
1904 391.084
1905 388.556
1906 386.019
1907 383.473
1908 380.922
1909 378.364
1910 375.802
1911 373.236
1912 370.668
1913 368.098
1914 365.528
1915 362.958
1916 360.39
1917 357.825
1918 355.264
1919 352.709
1920 350.159
1921 347.616
1922 345.082
1923 342.557
1924 340.043
1925 337.54
1926 335.051
1927 332.575
1928 330.114
1929 327.67
1930 325.243
1931 322.834
1932 320.445
1933 318.077
1934 315.731
1935 313.408
1936 311.11
1937 308.837
1938 306.59
1939 304.372
1940 302.183
1941 300.024
1942 297.896
1943 295.801
1944 293.74
1945 291.714
1946 289.724
1947 287.772
1948 285.858
1949 283.985
1950 282.153
1951 280.363
1952 278.614
1953 276.907
1954 275.239
1955 273.611
1956 272.021
1957 270.469
1958 268.954
1959 267.475
1960 266.031
1961 264.621
1962 263.245
1963 261.902
1964 260.59
1965 259.309
1966 258.059
1967 256.838
1968 255.645
1969 254.48
1970 253.342
1971 252.229
1972 251.142
1973 250.079
1974 249.038
1975 248.021
1976 247.025
1977 246.049
1978 245.093
1979 244.156
1980 243.237
1981 242.335
1982 241.449
1983 240.578
1984 239.722
1985 238.879
1986 238.048
1987 237.229
1988 236.42
1989 235.621
1990 234.831
1991 234.049
1992 233.273
1993 232.503
1994 231.739
1995 230.978
1996 230.22
1997 229.464
1998 228.71
1999 227.955
2000 227.2
