-14 1.54472e+22 2.14169e+07 1.94276e-14 -1.93813e-14 1.93812e-14 0.000751112 0.00401094 5.89864e-21 0.995238 0 0 
-13.9649 1.59982e+22 2.29726e+07 1.87593e-14 -1.87131e-14 1.87129e-14 0.000777802 0.00415346 6.78628e-21 0.995069 0 0 
-13.9298 1.65689e+22 2.46412e+07 1.81141e-14 -1.80678e-14 1.80677e-14 0.000805436 0.00430103 7.80745e-21 0.994894 0 0 
-13.8947 1.71599e+22 2.6431e+07 1.74911e-14 -1.74449e-14 1.74448e-14 0.000834047 0.00445381 8.98221e-21 0.994712 0 0 
-13.8596 1.77719e+22 2.83507e+07 1.68896e-14 -1.68434e-14 1.68433e-14 0.000863668 0.00461199 1.03337e-20 0.994524 0 0 
-13.8246 1.84058e+22 3.04098e+07 1.63089e-14 -1.62627e-14 1.62625e-14 0.000894335 0.00477575 1.18884e-20 0.99433 0 0 
-13.7895 1.90622e+22 3.26183e+07 1.57482e-14 -1.57019e-14 1.57018e-14 0.000926085 0.00494529 1.3677e-20 0.994129 0 0 
-13.7544 1.9742e+22 3.49872e+07 1.52068e-14 -1.51606e-14 1.51604e-14 0.000958955 0.00512082 1.57345e-20 0.99392 0 0 
-13.7193 2.04459e+22 3.7528e+07 1.46841e-14 -1.46378e-14 1.46377e-14 0.000992984 0.00530253 1.81014e-20 0.993704 0 0 
-13.6842 2.1175e+22 4.02532e+07 1.41794e-14 -1.41331e-14 1.4133e-14 0.00102821 0.00549066 2.08241e-20 0.993481 0 0 
-13.6491 2.19299e+22 4.31761e+07 1.36921e-14 -1.36458e-14 1.36457e-14 0.00106468 0.00568541 2.39563e-20 0.99325 0 0 
-13.614 2.27118e+22 4.63112e+07 1.32216e-14 -1.31753e-14 1.31752e-14 0.00110244 0.00588702 2.75593e-20 0.993011 0 0 
-13.5789 2.35215e+22 4.96738e+07 1.27673e-14 -1.27211e-14 1.27209e-14 0.00114152 0.00609572 3.1704e-20 0.992763 0 0 
-13.5439 2.43599e+22 5.32804e+07 1.23287e-14 -1.22825e-14 1.22823e-14 0.00118198 0.00631177 3.64716e-20 0.992506 0 0 
-13.5088 2.52282e+22 5.71486e+07 1.19052e-14 -1.1859e-14 1.18588e-14 0.00122386 0.00653542 4.19559e-20 0.992241 0 0 
-13.4737 2.61274e+22 6.12975e+07 1.14963e-14 -1.14501e-14 1.14499e-14 0.00126722 0.00676693 4.82643e-20 0.991966 0 0 
-13.4386 2.70586e+22 6.57474e+07 1.11015e-14 -1.10553e-14 1.10551e-14 0.00131209 0.00700657 5.55207e-20 0.991681 0 0 
-13.4035 2.80229e+22 7.052e+07 1.07203e-14 -1.06741e-14 1.06739e-14 0.00135854 0.00725462 6.38675e-20 0.991387 0 0 
-13.3684 2.90214e+22 7.56389e+07 1.03523e-14 -1.03061e-14 1.03059e-14 0.00140663 0.00751138 7.34683e-20 0.991082 0 0 
-13.3333 3.00555e+22 8.1129e+07 9.99693e-15 -9.95077e-15 9.95056e-15 0.00145639 0.00777714 8.45113e-20 0.990766 0 0 
-13.2982 3.11263e+22 8.70172e+07 9.65383e-15 -9.60768e-15 9.60746e-15 0.0015079 0.00805221 9.72132e-20 0.99044 0 0 
-13.2632 3.22352e+22 9.33325e+07 9.32256e-15 -9.27643e-15 9.2762e-15 0.00156122 0.00833691 1.11823e-19 0.990102 0 0 
-13.2281 3.33835e+22 1.00106e+08 9.00272e-15 -8.95659e-15 8.95635e-15 0.0016164 0.00863158 1.28627e-19 0.989752 0 0 
-13.193 3.45725e+22 1.0737e+08 8.6939e-15 -8.64778e-15 8.64754e-15 0.00167351 0.00893655 1.47954e-19 0.98939 0 0 
-13.1579 3.58038e+22 1.15161e+08 8.39573e-15 -8.34962e-15 8.34937e-15 0.00173262 0.00925217 1.70182e-19 0.989015 0 0 
-13.1228 3.70788e+22 1.23516e+08 8.10784e-15 -8.06174e-15 8.06148e-15 0.00179379 0.00957881 1.95748e-19 0.988627 0 0 
-13.0877 3.83991e+22 1.32478e+08 7.82988e-15 -7.78379e-15 7.78352e-15 0.00185709 0.00991685 2.25152e-19 0.988226 0 0 
-13.0526 3.97663e+22 1.42089e+08 7.5615e-15 -7.51542e-15 7.51514e-15 0.0019226 0.0102667 2.58968e-19 0.987811 0 0 
-13.0175 4.11819e+22 1.52396e+08 7.30238e-15 -7.2563e-15 7.25601e-15 0.00199039 0.0106287 2.97859e-19 0.987381 0 0 
-12.9825 4.26478e+22 1.6345e+08 7.05218e-15 -7.00612e-15 7.00582e-15 0.00206054 0.0110033 3.42585e-19 0.986936 0 0 
-12.9474 4.41657e+22 1.75305e+08 6.81062e-15 -6.76456e-15 6.76425e-15 0.00213312 0.0113909 3.94022e-19 0.986476 0 0 
-12.9123 4.57375e+22 1.88018e+08 6.57738e-15 -6.53134e-15 6.53101e-15 0.00220823 0.011792 4.53173e-19 0.986 0 0 
-12.8772 4.73649e+22 2.01653e+08 6.35218e-15 -6.30615e-15 6.30582e-15 0.00228595 0.012207 5.21195e-19 0.985507 0 0 
-12.8421 4.90501e+22 2.16275e+08 6.13475e-15 -6.08873e-15 6.08839e-15 0.00236636 0.0126363 5.99417e-19 0.984997 0 0 
-12.807 5.07949e+22 2.31956e+08 5.92482e-15 -5.87881e-15 5.87845e-15 0.00244955 0.0130806 6.89367e-19 0.98447 0 0 
-12.7719 5.26016e+22 2.48772e+08 5.72212e-15 -5.67612e-15 5.67576e-15 0.00253562 0.0135402 7.92799e-19 0.983924 0 0 
-12.7368 5.44723e+22 2.66806e+08 5.52641e-15 -5.48043e-15 5.48005e-15 0.00262466 0.0140157 9.11733e-19 0.98336 0 0 
-12.7018 5.64092e+22 2.86145e+08 5.33745e-15 -5.29148e-15 5.29109e-15 0.00271677 0.0145076 1.04849e-18 0.982776 0 0 
-12.6667 5.84147e+22 3.06884e+08 5.155e-15 -5.10905e-15 5.10864e-15 0.00281206 0.0150164 1.20573e-18 0.982172 0 0 
-12.6316 6.04911e+22 3.29123e+08 4.97885e-15 -4.93291e-15 4.93248e-15 0.00291063 0.0155427 1.38652e-18 0.981547 0 0 
-12.5965 6.2641e+22 3.52971e+08 4.80876e-15 -4.76284e-15 4.7624e-15 0.00301258 0.0160872 1.59439e-18 0.9809 0 0 
-12.5614 6.48669e+22 3.78545e+08 4.64454e-15 -4.59863e-15 4.59818e-15 0.00311803 0.0166503 1.83338e-18 0.980232 0 0 
-12.5263 6.71716e+22 4.05968e+08 4.48598e-15 -4.44009e-15 4.43962e-15 0.0032271 0.0172327 2.10814e-18 0.97954 0 0 
-12.4912 6.95576e+22 4.35374e+08 4.33289e-15 -4.28702e-15 4.28653e-15 0.0033399 0.0178351 2.42402e-18 0.978825 0 0 
-12.4561 7.2028e+22 4.66906e+08 4.18508e-15 -4.13922e-15 4.13872e-15 0.00345656 0.018458 2.78715e-18 0.978085 0 0 
-12.4211 7.45855e+22 5.00717e+08 4.04236e-15 -3.99652e-15 3.996e-15 0.0035772 0.0191022 3.20461e-18 0.977321 0 0 
-12.386 7.72334e+22 5.36971e+08 3.90456e-15 -3.85874e-15 3.85821e-15 0.00370194 0.0197684 3.68448e-18 0.97653 0 0 
-12.3509 7.99747e+22 5.75846e+08 3.77152e-15 -3.72572e-15 3.72516e-15 0.00383093 0.0204572 4.2361e-18 0.975712 0 0 
-12.3158 8.28126e+22 6.17528e+08 3.64306e-15 -3.59727e-15 3.5967e-15 0.0039643 0.0211693 4.87016e-18 0.974866 0 0 
-12.2807 8.57507e+22 6.62221e+08 3.51902e-15 -3.47326e-15 3.47267e-15 0.00410218 0.0219057 5.59896e-18 0.973992 0 0 
-12.2456 8.87922e+22 7.10141e+08 3.39927e-15 -3.35353e-15 3.35291e-15 0.00424473 0.0226669 6.43662e-18 0.973088 0 0 
-12.2105 9.19409e+22 7.61521e+08 3.28364e-15 -3.23792e-15 3.23729e-15 0.00439209 0.0234538 7.39936e-18 0.972154 0 0 
-12.1754 9.52004e+22 8.16608e+08 3.172e-15 -3.1263e-15 3.12565e-15 0.00454442 0.0242672 8.50582e-18 0.971188 0 0 
-12.1404 9.85746e+22 8.75671e+08 3.06421e-15 -3.01853e-15 3.01785e-15 0.00470186 0.0251079 9.7774e-18 0.97019 0 0 
-12.1053 1.02067e+23 9.38994e+08 2.96013e-15 -2.91448e-15 2.91378e-15 0.00486459 0.0259769 1.12387e-17 0.969158 0 0 
-12.0702 1.05683e+23 1.00688e+09 2.85964e-15 -2.81402e-15 2.81329e-15 0.00503276 0.026875 1.29179e-17 0.968092 0 0 
-12.0351 1.09426e+23 1.07967e+09 2.76261e-15 -2.71702e-15 2.71626e-15 0.00520655 0.027803 1.48474e-17 0.96699 0 0 
-12 1.133e+23 1.1577e+09 2.66893e-15 -2.62336e-15 2.62258e-15 0.00538613 0.028762 1.70644e-17 0.965852 0 0 
-11.9649 1.1731e+23 1.24135e+09 2.57848e-15 -2.53294e-15 2.53213e-15 0.00557168 0.0297528 1.96117e-17 0.964676 0 0 
-11.9298 1.21461e+23 1.33103e+09 2.49115e-15 -2.44563e-15 2.4448e-15 0.00576338 0.0307764 2.25383e-17 0.96346 0 0 
-11.8947 1.25757e+23 1.42716e+09 2.40682e-15 -2.36134e-15 2.36048e-15 0.00596141 0.031834 2.59006e-17 0.962205 0 0 
-11.8596 1.30203e+23 1.53022e+09 2.3254e-15 -2.27995e-15 2.27906e-15 0.00616598 0.0329263 2.9763e-17 0.960908 0 0 
-11.8246 1.34806e+23 1.64069e+09 2.24679e-15 -2.20137e-15 2.20045e-15 0.00637727 0.0340546 3.41999e-17 0.959568 0 0 
-11.7895 1.39569e+23 1.75911e+09 2.17089e-15 -2.1255e-15 2.12455e-15 0.00659548 0.0352199 3.92963e-17 0.958185 0 0 
-11.7544 1.44498e+23 1.88604e+09 2.0976e-15 -2.05225e-15 2.05127e-15 0.00682082 0.0364232 4.515e-17 0.956756 0 0 
-11.7193 1.496e+23 2.0221e+09 2.02684e-15 -1.98152e-15 1.98051e-15 0.0070535 0.0376657 5.18729e-17 0.955281 0 0 
-11.6842 1.5488e+23 2.16794e+09 1.95852e-15 -1.91324e-15 1.91219e-15 0.00729374 0.0389486 5.95939e-17 0.953758 0 0 
-11.6491 1.60344e+23 2.32425e+09 1.89255e-15 -1.84731e-15 1.84623e-15 0.00754175 0.0402729 6.84603e-17 0.952185 0 0 
-11.614 1.65998e+23 2.49178e+09 1.82886e-15 -1.78365e-15 1.78253e-15 0.00779776 0.04164 7.86414e-17 0.950562 0 0 
-11.5789 1.7185e+23 2.67133e+09 1.76736e-15 -1.72219e-15 1.72104e-15 0.00806198 0.043051 9.03314e-17 0.948887 0 0 
-11.5439 1.77904e+23 2.86377e+09 1.70798e-15 -1.66285e-15 1.66166e-15 0.00833467 0.0445071 1.03753e-16 0.947158 0 0 
-11.5088 1.8417e+23 3.07e+09 1.65064e-15 -1.60556e-15 1.60433e-15 0.00861605 0.0460097 1.19161e-16 0.945374 0 0 
-11.4737 1.90652e+23 3.29102e+09 1.59528e-15 -1.55024e-15 1.54897e-15 0.00890636 0.0475599 1.36849e-16 0.943534 0 0 
-11.4386 1.9736e+23 3.52787e+09 1.54183e-15 -1.49684e-15 1.49552e-15 0.00920585 0.0491592 1.57153e-16 0.941635 0 0 
-11.4035 2.043e+23 3.78167e+09 1.49022e-15 -1.44527e-15 1.44392e-15 0.00951476 0.0508088 1.80456e-16 0.939676 0 0 
-11.3684 2.1148e+23 4.05364e+09 1.44039e-15 -1.39549e-15 1.39409e-15 0.00983335 0.0525101 2.072e-16 0.937657 0 0 
-11.3333 2.18908e+23 4.34505e+09 1.39227e-15 -1.34742e-15 1.34598e-15 0.0101619 0.0542645 2.37891e-16 0.935574 0 0 
-11.2982 2.26593e+23 4.65731e+09 1.34581e-15 -1.30102e-15 1.29952e-15 0.0105006 0.0560733 2.73107e-16 0.933426 0 0 
-11.2632 2.34543e+23 4.99186e+09 1.30095e-15 -1.25621e-15 1.25467e-15 0.0108498 0.0579379 3.13513e-16 0.931212 0 0 
-11.2281 2.42767e+23 5.35031e+09 1.25764e-15 -1.21295e-15 1.21136e-15 0.0112097 0.0598599 3.59868e-16 0.92893 0 0 
-11.193 2.51275e+23 5.73434e+09 1.21582e-15 -1.17118e-15 1.16955e-15 0.0115806 0.0618406 4.13044e-16 0.926579 0 0 
-11.1579 2.60074e+23 6.14575e+09 1.17543e-15 -1.13086e-15 1.12917e-15 0.0119628 0.0638814 4.74038e-16 0.924156 0 0 
-11.1228 2.69176e+23 6.58648e+09 1.13644e-15 -1.09193e-15 1.09018e-15 0.0123565 0.065984 5.43991e-16 0.921659 0 0 
-11.0877 2.7859e+23 7.05861e+09 1.09879e-15 -1.05434e-15 1.05254e-15 0.0127621 0.0681496 6.24212e-16 0.919088 0 0 
-11.0526 2.88326e+23 7.56434e+09 1.06244e-15 -1.01805e-15 1.0162e-15 0.0131798 0.0703799 7.16197e-16 0.91644 0 0 
-11.0175 2.98395e+23 8.10603e+09 1.02734e-15 -9.83013e-16 9.81101e-16 0.0136098 0.0726764 8.2166e-16 0.913714 0 0 
-10.9825 3.08808e+23 8.68623e+09 9.93441e-16 -9.49187e-16 9.47215e-16 0.0140525 0.0750405 9.42562e-16 0.910907 0 0 
-10.9474 3.19576e+23 9.30763e+09 9.60713e-16 -9.16529e-16 9.14496e-16 0.0145082 0.0774737 1.08114e-15 0.908018 0 0 
-10.9123 3.3071e+23 9.97313e+09 9.2911e-16 -8.84998e-16 8.82904e-16 0.0149771 0.0799777 1.23998e-15 0.905045 0 0 
-10.8772 3.42223e+23 1.06858e+10 8.98595e-16 -8.54558e-16 8.524e-16 0.0154595 0.0825538 1.42199e-15 0.901987 0 0 
-10.8421 3.54127e+23 1.1449e+10 8.69129e-16 -8.25169e-16 8.22945e-16 0.0159557 0.0852036 1.63055e-15 0.898841 0 0 
-10.807 3.66433e+23 1.22662e+10 8.40676e-16 -7.96795e-16 7.94505e-16 0.016466 0.0879286 1.86948e-15 0.895605 0 0 
-10.7719 3.79156e+23 1.31413e+10 8.13202e-16 -7.69402e-16 7.67043e-16 0.0169907 0.0907304 2.14318e-15 0.892279 0 0 
-10.7368 3.92308e+23 1.40781e+10 7.86672e-16 -7.42957e-16 7.40527e-16 0.01753 0.0936103 2.45666e-15 0.88886 0 0 
-10.7018 4.05904e+23 1.50811e+10 7.61054e-16 -7.17425e-16 7.14924e-16 0.0180843 0.0965699 2.81564e-15 0.885346 0 0 
-10.6667 4.19956e+23 1.61549e+10 7.36316e-16 -6.92776e-16 6.90202e-16 0.0186537 0.0996106 3.22669e-15 0.881736 0 0 
-10.6316 4.34481e+23 1.73043e+10 7.12428e-16 -6.6898e-16 6.6633e-16 0.0192386 0.102734 3.69726e-15 0.878028 0 0 
-10.5965 4.49492e+23 1.85347e+10 6.89361e-16 -6.46007e-16 6.4328e-16 0.0198392 0.105941 4.2359e-15 0.87422 0 0 
-10.5614 4.65004e+23 1.98516e+10 6.67085e-16 -6.23828e-16 6.21023e-16 0.0204558 0.109234 4.85236e-15 0.870311 0 0 
-10.5263 4.81034e+23 2.1261e+10 6.45574e-16 -6.02417e-16 5.99532e-16 0.0210886 0.112613 5.55777e-15 0.866298 0 0 
-10.4912 4.97598e+23 2.27693e+10 6.24801e-16 -5.81747e-16 5.7878e-16 0.0217379 0.11608 6.36481e-15 0.862182 0 0 
-10.4561 5.14711e+23 2.43834e+10 6.04741e-16 -5.61793e-16 5.58742e-16 0.0224039 0.119637 7.28797e-15 0.857959 0 0 
-10.4211 5.32392e+23 2.61105e+10 5.85369e-16 -5.42529e-16 5.39394e-16 0.0230868 0.123284 8.34378e-15 0.85363 0 0 
-10.386 5.50657e+23 2.79584e+10 5.66661e-16 -5.23933e-16 5.20711e-16 0.0237869 0.127022 9.55108e-15 0.849191 0 0 
-10.3509 5.69524e+23 2.99353e+10 5.48595e-16 -5.0598e-16 5.0267e-16 0.0245044 0.130854 1.09313e-14 0.844642 0 0 
-10.3158 5.89012e+23 3.20503e+10 5.31147e-16 -4.8865e-16 4.8525e-16 0.0252395 0.134779 1.2509e-14 0.839982 0 0 
-10.2807 6.09139e+23 3.43126e+10 5.14296e-16 -4.71921e-16 4.68429e-16 0.0259922 0.138799 1.43121e-14 0.835209 0 0 
-10.2456 6.29925e+23 3.67324e+10 4.98023e-16 -4.55771e-16 4.52187e-16 0.0267629 0.142914 1.63723e-14 0.830323 0 0 
-10.2105 6.51389e+23 3.93204e+10 4.82306e-16 -4.40182e-16 4.36503e-16 0.0275517 0.147126 1.87257e-14 0.825322 0 0 
-10.1754 6.73552e+23 4.2088e+10 4.67126e-16 -4.25133e-16 4.21358e-16 0.0283587 0.151435 2.14137e-14 0.820206 0 0 
-10.1404 6.96433e+23 4.50474e+10 4.52466e-16 -4.10607e-16 4.06734e-16 0.029184 0.155843 2.44831e-14 0.814973 0 0 
-10.1053 7.20055e+23 4.82117e+10 4.38306e-16 -3.96585e-16 3.92613e-16 0.0300278 0.160348 2.79872e-14 0.809624 0 0 
-10.0702 7.44439e+23 5.15948e+10 4.2463e-16 -3.83049e-16 3.78978e-16 0.0308901 0.164953 3.19868e-14 0.804157 0 0 
-10.0351 7.69607e+23 5.52113e+10 4.1142e-16 -3.69984e-16 3.65811e-16 0.031771 0.169657 3.65508e-14 0.798572 0 0 
-10 7.95582e+23 5.9077e+10 3.98661e-16 -3.57373e-16 3.53097e-16 0.0326706 0.174461 4.17578e-14 0.792869 0 0 
-9.96491 8.22387e+23 6.32087e+10 3.86336e-16 -3.452e-16 3.4082e-16 0.0335888 0.179364 4.7697e-14 0.787047 0 0 
-9.92982 8.50046e+23 6.76242e+10 3.74431e-16 -3.33451e-16 3.28966e-16 0.0345257 0.184367 5.44696e-14 0.781107 0 0 
-9.89474 8.78582e+23 7.23426e+10 3.62931e-16 -3.2211e-16 3.17519e-16 0.0354813 0.18947 6.21909e-14 0.775048 0 0 
-9.85965 9.08021e+23 7.7384e+10 3.51822e-16 -3.11164e-16 3.06466e-16 0.0364555 0.194672 7.09913e-14 0.768872 0 0 
-9.82456 9.38388e+23 8.27701e+10 3.41091e-16 -3.00599e-16 2.95793e-16 0.0374483 0.199974 8.10194e-14 0.762578 0 0 
-9.78947 9.69709e+23 8.85236e+10 3.30723e-16 -2.90403e-16 2.85487e-16 0.0384595 0.205374 9.24434e-14 0.756167 0 0 
-9.75439 1.00201e+24 9.46691e+10 3.20707e-16 -2.80561e-16 2.75536e-16 0.0394891 0.210872 1.05454e-13 0.749639 0 0 
-9.7193 1.03532e+24 1.01232e+11 3.11031e-16 -2.71063e-16 2.65927e-16 0.0405368 0.216467 1.20269e-13 0.742997 0 0 
-9.68421 1.06966e+24 1.08241e+11 3.01681e-16 -2.61896e-16 2.56649e-16 0.0416026 0.222158 1.37132e-13 0.73624 0 0 
-9.64912 1.10506e+24 1.15725e+11 2.92648e-16 -2.53049e-16 2.4769e-16 0.0426862 0.227944 1.56322e-13 0.72937 0 0 
-9.61404 1.14156e+24 1.23714e+11 2.8392e-16 -2.4451e-16 2.3904e-16 0.0437874 0.233824 1.78155e-13 0.722388 0 0 
-9.57895 1.17917e+24 1.32243e+11 2.75486e-16 -2.3627e-16 2.30688e-16 0.0449058 0.239797 2.02986e-13 0.715297 0 0 
-9.54386 1.21793e+24 1.41346e+11 2.67336e-16 -2.28318e-16 2.22624e-16 0.0460414 0.245861 2.31221e-13 0.708098 0 0 
-9.50877 1.25788e+24 1.51061e+11 2.59461e-16 -2.20644e-16 2.14837e-16 0.0471936 0.252014 2.63316e-13 0.700793 0 0 
-9.47368 1.29903e+24 1.61428e+11 2.51849e-16 -2.13239e-16 2.0732e-16 0.0483621 0.258254 2.99788e-13 0.693384 0 0 
-9.4386 1.34142e+24 1.72489e+11 2.44493e-16 -2.06093e-16 2.00061e-16 0.0495467 0.264579 3.41224e-13 0.685874 0 0 
-9.40351 1.38509e+24 1.84288e+11 2.37384e-16 -1.99197e-16 1.93053e-16 0.0507468 0.270988 3.88283e-13 0.678266 0 0 
-9.36842 1.43006e+24 1.96874e+11 2.30512e-16 -1.92542e-16 1.86288e-16 0.0519619 0.277477 4.41713e-13 0.670561 0 0 
-9.33333 1.47636e+24 2.10298e+11 2.23869e-16 -1.86121e-16 1.79756e-16 0.0531918 0.284044 5.02359e-13 0.662764 0 0 
-9.29825 1.52404e+24 2.24612e+11 2.17448e-16 -1.79925e-16 1.7345e-16 0.0544357 0.290687 5.71175e-13 0.654878 0 0 
-9.26316 1.57312e+24 2.39874e+11 2.11241e-16 -1.73947e-16 1.67362e-16 0.0556932 0.297402 6.49237e-13 0.646905 0 0 
-9.22807 1.62365e+24 2.56144e+11 2.05239e-16 -1.68178e-16 1.61486e-16 0.0569638 0.304187 7.37759e-13 0.638849 0 0 
-9.19298 1.67564e+24 2.73487e+11 1.99436e-16 -1.62612e-16 1.55812e-16 0.0582468 0.311038 8.38114e-13 0.630715 0 0 
-9.15789 1.72915e+24 2.9197e+11 1.93825e-16 -1.57241e-16 1.50336e-16 0.0595416 0.317952 9.51847e-13 0.622506 0 0 
-9.12281 1.78419e+24 3.11667e+11 1.88399e-16 -1.5206e-16 1.4505e-16 0.0608476 0.324926 1.0807e-12 0.614226 0 0 
-9.08772 1.84083e+24 3.32652e+11 1.83152e-16 -1.4706e-16 1.39948e-16 0.0621642 0.331957 1.22664e-12 0.605879 0 0 
-9.05263 1.89907e+24 3.55008e+11 1.78077e-16 -1.42237e-16 1.35023e-16 0.0634905 0.339039 1.39188e-12 0.59747 0 0 
-9.01754 1.95898e+24 3.78821e+11 1.73169e-16 -1.37583e-16 1.3027e-16 0.0648259 0.346171 1.5789e-12 0.589004 0 0 
-8.98246 2.02058e+24 4.04181e+11 1.68421e-16 -1.33093e-16 1.25683e-16 0.0661697 0.353346 1.79053e-12 0.580484 0 0 
-8.94737 2.0839e+24 4.31185e+11 1.63827e-16 -1.28761e-16 1.21256e-16 0.0675212 0.360563 2.02991e-12 0.571916 0 0 
-8.91228 2.149e+24 4.59935e+11 1.59383e-16 -1.24582e-16 1.16983e-16 0.0688794 0.367816 2.30061e-12 0.563305 0 0 
-8.87719 2.21591e+24 4.9054e+11 1.55083e-16 -1.2055e-16 1.12861e-16 0.0702437 0.375101 2.60661e-12 0.554655 0 0 
-8.84211 2.28468e+24 5.23115e+11 1.50922e-16 -1.1666e-16 1.08882e-16 0.0716132 0.382415 2.95241e-12 0.545972 0 0 
-8.80702 2.35533e+24 5.5778e+11 1.46894e-16 -1.12908e-16 1.05044e-16 0.0729872 0.389752 3.34307e-12 0.537261 0 0 
-8.77193 2.42791e+24 5.94665e+11 1.42997e-16 -1.09287e-16 1.01341e-16 0.0743648 0.397108 3.78426e-12 0.528527 0 0 
-8.73684 2.50246e+24 6.33905e+11 1.39224e-16 -1.05794e-16 9.77677e-17 0.0757451 0.404479 4.28236e-12 0.519776 0 0 
-8.70175 2.57903e+24 6.75644e+11 1.35571e-16 -1.02425e-16 9.43208e-17 0.0771273 0.41186 4.84454e-12 0.511013 0 0 
-8.66667 2.65766e+24 7.20035e+11 1.32035e-16 -9.9174e-17 9.09957e-17 0.0785106 0.419247 5.47883e-12 0.502243 0 0 
-8.63158 2.73838e+24 7.67239e+11 1.2861e-16 -9.60378e-17 8.77884e-17 0.0798942 0.426635 6.19426e-12 0.493471 0 0 
-8.59649 2.82125e+24 8.17427e+11 1.25294e-16 -9.30121e-17 8.46948e-17 0.081277 0.434019 7.00096e-12 0.484704 0 0 
-8.5614 2.90631e+24 8.70779e+11 1.22082e-16 -9.0093e-17 8.17111e-17 0.0826585 0.441396 7.91028e-12 0.475945 0 0 
-8.52632 2.99359e+24 9.27485e+11 1.1897e-16 -8.72767e-17 7.88336e-17 0.0840375 0.44876 8.93497e-12 0.467202 0 0 
-8.49123 3.08316e+24 9.87748e+11 1.15956e-16 -8.45596e-17 7.60587e-17 0.0854134 0.456108 1.00893e-11 0.458479 0 0 
-8.45614 3.17504e+24 1.05178e+12 1.13035e-16 -8.19381e-17 7.3383e-17 0.0867853 0.463434 1.13893e-11 0.449781 0 0 
-8.42105 3.26929e+24 1.11981e+12 1.10205e-16 -7.94088e-17 7.08031e-17 0.0881524 0.470734 1.28529e-11 0.441114 0 0 
-8.38596 3.36596e+24 1.19207e+12 1.07462e-16 -7.69684e-17 6.83157e-17 0.0895139 0.478004 1.45001e-11 0.432482 0 0 
-8.35088 3.46508e+24 1.26881e+12 1.04802e-16 -7.46137e-17 6.59177e-17 0.0908689 0.48524 1.63535e-11 0.423891 0 0 
-8.31579 3.56671e+24 1.35031e+12 1.02225e-16 -7.23416e-17 6.3606e-17 0.0922167 0.492437 1.84383e-11 0.415346 0 0 
-8.2807 3.6709e+24 1.43684e+12 9.9725e-17 -7.01491e-17 6.13777e-17 0.0935565 0.499592 2.07826e-11 0.406852 0 0 
-8.24561 3.77769e+24 1.5287e+12 9.73009e-17 -6.80334e-17 5.923e-17 0.0948875 0.506699 2.34181e-11 0.398413 0 0 
-8.21053 3.88713e+24 1.6262e+12 9.49498e-17 -6.59917e-17 5.716e-17 0.0962092 0.513757 2.63799e-11 0.390034 0 0 
-8.17544 3.99928e+24 1.72968e+12 9.26691e-17 -6.40213e-17 5.51652e-17 0.0975206 0.52076 2.97077e-11 0.381719 0 0 
-8.14035 4.11417e+24 1.83948e+12 9.04563e-17 -6.21196e-17 5.32428e-17 0.0988213 0.527706 3.34455e-11 0.373473 0 0 
-8.10526 4.23187e+24 1.95598e+12 8.8309e-17 -6.02842e-17 5.13905e-17 0.10011 0.534589 3.76428e-11 0.3653 0 0 
-8.07018 4.35242e+24 2.07956e+12 8.62251e-17 -5.85125e-17 4.96057e-17 0.101387 0.541409 4.23547e-11 0.357204 0 0 
-8.03509 4.47588e+24 2.21064e+12 8.42022e-17 -5.68023e-17 4.78862e-17 0.102652 0.54816 4.7643e-11 0.349188 0 0 
-8 4.60229e+24 2.34965e+12 8.22383e-17 -5.51513e-17 4.62297e-17 0.103903 0.55484 5.35765e-11 0.341257 0 0 
-7.96491 4.73171e+24 2.49705e+12 8.03313e-17 -5.35574e-17 4.46339e-17 0.10514 0.561446 6.02324e-11 0.333414 0 0 
-7.92982 4.8642e+24 2.65333e+12 7.84792e-17 -5.20184e-17 4.30967e-17 0.106362 0.567976 6.76966e-11 0.325662 0 0 
-7.89474 4.9998e+24 2.819e+12 7.66802e-17 -5.05324e-17 4.16161e-17 0.10757 0.574426 7.60652e-11 0.318004 0 0 
-7.85965 5.13858e+24 2.9946e+12 7.49325e-17 -4.90974e-17 4.019e-17 0.108763 0.580794 8.54456e-11 0.310443 0 0 
-7.82456 5.28058e+24 3.1807e+12 7.32342e-17 -4.77115e-17 3.88166e-17 0.10994 0.587078 9.59574e-11 0.302983 0 0 
-7.78947 5.42587e+24 3.3779e+12 7.15837e-17 -4.63728e-17 3.74938e-17 0.1111 0.593275 1.07734e-10 0.295624 0 0 
-7.75439 5.5745e+24 3.58684e+12 6.99794e-17 -4.50797e-17 3.62201e-17 0.112244 0.599385 1.20926e-10 0.288371 0 0 
-7.7193 5.72652e+24 3.80819e+12 6.84197e-17 -4.38305e-17 3.49934e-17 0.113372 0.605404 1.35698e-10 0.281224 0 0 
-7.68421 5.882e+24 4.04265e+12 6.69031e-17 -4.26235e-17 3.38123e-17 0.114482 0.611332 1.52237e-10 0.274186 0 0 
-7.64912 6.041e+24 4.29098e+12 6.54281e-17 -4.14572e-17 3.2675e-17 0.115574 0.617167 1.7075e-10 0.267259 0 0 
-7.61404 6.20357e+24 4.55395e+12 6.39934e-17 -4.033e-17 3.15799e-17 0.116649 0.622907 1.91468e-10 0.260444 0 0 
-7.57895 6.36977e+24 4.83241e+12 6.25975e-17 -3.92406e-17 3.05255e-17 0.117706 0.628551 2.14649e-10 0.253743 0 0 
-7.54386 6.53967e+24 5.12723e+12 6.12392e-17 -3.81875e-17 2.95103e-17 0.118745 0.634099 2.40581e-10 0.247156 0 0 
-7.50877 6.71333e+24 5.43932e+12 5.99173e-17 -3.71693e-17 2.85328e-17 0.119766 0.639549 2.69584e-10 0.240686 0 0 
-7.47368 6.89081e+24 5.76968e+12 5.86305e-17 -3.61847e-17 2.75917e-17 0.120768 0.644901 3.02014e-10 0.234332 0 0 
-7.4386 7.07218e+24 6.11932e+12 5.73776e-17 -3.52326e-17 2.66857e-17 0.121752 0.650153 3.38272e-10 0.228095 0 0 
-7.40351 7.25749e+24 6.48933e+12 5.61577e-17 -3.43117e-17 2.58133e-17 0.122717 0.655307 3.788e-10 0.221976 0 0 
-7.36842 7.44682e+24 6.88087e+12 5.49694e-17 -3.34208e-17 2.49734e-17 0.123663 0.660361 4.24094e-10 0.215976 0 0 
-7.33333 7.64024e+24 7.29512e+12 5.3812e-17 -3.25588e-17 2.41647e-17 0.124591 0.665316 4.74705e-10 0.210093 0 0 
-7.29825 7.8378e+24 7.73338e+12 5.26843e-17 -3.17246e-17 2.33861e-17 0.1255 0.67017 5.31247e-10 0.20433 0 0 
-7.26316 8.03958e+24 8.19698e+12 5.15854e-17 -3.09173e-17 2.26365e-17 0.12639 0.674925 5.94404e-10 0.198684 0 0 
-7.22807 8.24566e+24 8.68734e+12 5.05144e-17 -3.01358e-17 2.19146e-17 0.127262 0.679581 6.6494e-10 0.193157 0 0 
-7.19298 8.45609e+24 9.20595e+12 4.94703e-17 -2.93791e-17 2.12196e-17 0.128116 0.684137 7.43703e-10 0.187747 0 0 
-7.15789 8.67095e+24 9.7544e+12 4.84524e-17 -2.86464e-17 2.05502e-17 0.12895 0.688595 8.3164e-10 0.182455 0 0 
-7.12281 8.89031e+24 1.03343e+13 4.74598e-17 -2.79367e-17 1.99057e-17 0.129767 0.692954 9.29804e-10 0.177279 0 0 
-7.08772 9.11425e+24 1.09475e+13 4.64917e-17 -2.72492e-17 1.9285e-17 0.130565 0.697216 1.03937e-09 0.17222 0 0 
-7.05263 9.34285e+24 1.15958e+13 4.55473e-17 -2.65831e-17 1.86871e-17 0.131345 0.70138 1.16164e-09 0.167275 0 0 
-7.01754 9.57617e+24 1.22811e+13 4.46259e-17 -2.59376e-17 1.81113e-17 0.132107 0.705449 1.29807e-09 0.162444 0 0 
-6.98246 9.81431e+24 1.30055e+13 4.37269e-17 -2.53119e-17 1.75567e-17 0.132851 0.709423 1.45028e-09 0.157727 0 0 
-6.94737 1.00573e+25 1.37712e+13 4.28494e-17 -2.47053e-17 1.70224e-17 0.133577 0.713302 1.62008e-09 0.153121 0 0 
-6.91228 1.03053e+25 1.45804e+13 4.1993e-17 -2.41171e-17 1.65076e-17 0.134286 0.717088 1.80947e-09 0.148626 0 0 
-6.87719 1.05583e+25 1.54356e+13 4.11568e-17 -2.35467e-17 1.60116e-17 0.134978 0.720781 2.02068e-09 0.144241 0 0 
-6.84211 1.08165e+25 1.63393e+13 4.03404e-17 -2.29933e-17 1.55337e-17 0.135652 0.724384 2.2562e-09 0.139964 0 0 
-6.80702 1.10799e+25 1.72941e+13 3.9543e-17 -2.24564e-17 1.50731e-17 0.13631 0.727897 2.5188e-09 0.135793 0 0 
-6.77193 1.13486e+25 1.8303e+13 3.87643e-17 -2.19353e-17 1.46293e-17 0.136951 0.731321 2.81156e-09 0.131728 0 0 
-6.73684 1.16226e+25 1.93688e+13 3.80035e-17 -2.14296e-17 1.42014e-17 0.137576 0.734657 3.1379e-09 0.127766 0 0 
-6.70175 1.19022e+25 2.04948e+13 3.72603e-17 -2.09385e-17 1.37889e-17 0.138185 0.737908 3.50164e-09 0.123907 0 0 
-6.66667 1.21873e+25 2.16842e+13 3.6534e-17 -2.04617e-17 1.33911e-17 0.138778 0.741074 3.90703e-09 0.120148 0 0 
-6.63158 1.24781e+25 2.29405e+13 3.58242e-17 -1.99987e-17 1.30076e-17 0.139355 0.744157 4.35878e-09 0.116488 0 0 
-6.59649 1.27746e+25 2.42674e+13 3.51304e-17 -1.95488e-17 1.26377e-17 0.139917 0.747158 4.86214e-09 0.112925 0 0 
-6.5614 1.30769e+25 2.56688e+13 3.44522e-17 -1.91116e-17 1.22809e-17 0.140464 0.750078 5.42297e-09 0.109458 0 0 
-6.52632 1.33853e+25 2.71488e+13 3.37891e-17 -1.86868e-17 1.19367e-17 0.140996 0.75292 6.04776e-09 0.106084 0 0 
-6.49123 1.36996e+25 2.87116e+13 3.31407e-17 -1.82738e-17 1.16046e-17 0.141514 0.755684 6.74374e-09 0.102802 0 0 
-6.45614 1.40201e+25 3.03619e+13 3.25066e-17 -1.78723e-17 1.1284e-17 0.142017 0.758372 7.51897e-09 0.0996109 0 0 
-6.42105 1.43468e+25 3.21044e+13 3.18864e-17 -1.74818e-17 1.09746e-17 0.142507 0.760986 8.38239e-09 0.0965078 0 0 
-6.38596 1.46799e+25 3.39442e+13 3.12797e-17 -1.7102e-17 1.0676e-17 0.142982 0.763526 9.34395e-09 0.0934914 0 0 
-6.35088 1.50194e+25 3.58866e+13 3.06861e-17 -1.67325e-17 1.03876e-17 0.143445 0.765995 1.04147e-08 0.0905598 0 0 
-6.31579 1.53655e+25 3.79372e+13 3.01054e-17 -1.6373e-17 1.0109e-17 0.143894 0.768395 1.1607e-08 0.0877112 0 0 
-6.2807 1.57183e+25 4.0102e+13 2.9537e-17 -1.6023e-17 9.83997e-18 0.144331 0.770725 1.29346e-08 0.0849439 0 0 
-6.24561 1.60778e+25 4.23871e+13 2.89808e-17 -1.56823e-17 9.58004e-18 0.144755 0.772989 1.44125e-08 0.082256 0 0 
-6.21053 1.64443e+25 4.47992e+13 2.84364e-17 -1.53506e-17 9.32885e-18 0.145166 0.775188 1.60579e-08 0.0796458 0 0 
-6.17544 1.68177e+25 4.73453e+13 2.79035e-17 -1.50276e-17 9.08607e-18 0.145566 0.777323 1.78895e-08 0.0771114 0 0 
-6.14035 1.71983e+25 5.00325e+13 2.73818e-17 -1.47129e-17 8.85137e-18 0.145954 0.779395 1.99283e-08 0.0746511 0 0 
-6.10526 1.75861e+25 5.28687e+13 2.68709e-17 -1.44063e-17 8.62443e-18 0.146331 0.781406 2.21975e-08 0.0722632 0 0 
-6.07018 1.79812e+25 5.5862e+13 2.63707e-17 -1.41076e-17 8.40494e-18 0.146696 0.783358 2.47231e-08 0.0699459 0 0 
-6.03509 1.83839e+25 5.90209e+13 2.58808e-17 -1.38164e-17 8.19262e-18 0.147051 0.785252 2.75339e-08 0.0676975 0 0 
-6 1.87942e+25 6.23544e+13 2.5401e-17 -1.35326e-17 7.98718e-18 0.147395 0.787089 3.06618e-08 0.0655162 0 0 
-5.96491 1.92122e+25 6.58722e+13 2.49311e-17 -1.32559e-17 7.78836e-18 0.147729 0.788871 3.41425e-08 0.0634005 0 0 
-5.92982 1.96381e+25 6.95842e+13 2.44707e-17 -1.2986e-17 7.5959e-18 0.148052 0.790599 3.80155e-08 0.0613486 0 0 
-5.89474 2.00719e+25 7.3501e+13 2.40197e-17 -1.27227e-17 7.40956e-18 0.148366 0.792275 4.23248e-08 0.0593589 0 0 
-5.85965 2.0514e+25 7.76337e+13 2.35778e-17 -1.24659e-17 7.22909e-18 0.14867 0.7939 4.71195e-08 0.0574298 0 0 
-5.82456 2.09643e+25 8.19942e+13 2.31448e-17 -1.22154e-17 7.05427e-18 0.148965 0.795475 5.24537e-08 0.0555597 0 0 
-5.78947 2.1423e+25 8.65948e+13 2.27205e-17 -1.19708e-17 6.88489e-18 0.149251 0.797002 5.83881e-08 0.053747 0 0 
-5.75439 2.18903e+25 9.14487e+13 2.23047e-17 -1.17322e-17 6.72073e-18 0.149528 0.798481 6.49898e-08 0.0519902 0 0 
-5.7193 2.23662e+25 9.65694e+13 2.18972e-17 -1.14992e-17 6.56161e-18 0.149797 0.799915 7.23335e-08 0.0502877 0 0 
-5.68421 2.28511e+25 1.01972e+14 2.14977e-17 -1.12716e-17 6.40732e-18 0.150057 0.801305 8.05023e-08 0.0486382 0 0 
-5.64912 2.33449e+25 1.07671e+14 2.11061e-17 -1.10495e-17 6.25769e-18 0.150309 0.802651 8.95885e-08 0.0470401 0 0 
-5.61404 2.38479e+25 1.13683e+14 2.07222e-17 -1.08325e-17 6.11253e-18 0.150553 0.803955 9.96948e-08 0.0454919 0 0 
-5.57895 2.43602e+25 1.20025e+14 2.03459e-17 -1.06205e-17 5.97169e-18 0.15079 0.805218 1.10935e-07 0.0439924 0 0 
-5.54386 2.4882e+25 1.26715e+14 1.99769e-17 -1.04133e-17 5.83501e-18 0.151019 0.806441 1.23437e-07 0.0425401 0 0 
-5.50877 2.54134e+25 1.33771e+14 1.96151e-17 -1.02109e-17 5.70231e-18 0.151241 0.807625 1.3734e-07 0.0411337 0 0 
-5.47368 2.59546e+25 1.41215e+14 1.92603e-17 -1.00131e-17 5.57347e-18 0.151456 0.808772 1.52802e-07 0.0397718 0 0 
-5.4386 2.65057e+25 1.49066e+14 1.89123e-17 -9.81978e-18 5.44834e-18 0.151663 0.809883 1.69996e-07 0.0384533 0 0 
-5.40351 2.7067e+25 1.57347e+14 1.85711e-17 -9.63075e-18 5.32678e-18 0.151865 0.810958 1.89117e-07 0.0371767 0 0 
-5.36842 2.76386e+25 1.66081e+14 1.82364e-17 -9.44593e-18 5.20867e-18 0.15206 0.811999 2.10379e-07 0.0359409 0 0 
-5.33333 2.82207e+25 1.75293e+14 1.79082e-17 -9.26519e-18 5.09387e-18 0.152248 0.813007 2.34022e-07 0.0347448 0 0 
-5.29825 2.88135e+25 1.85009e+14 1.75862e-17 -9.08843e-18 4.98227e-18 0.152431 0.813982 2.60311e-07 0.033587 0 0 
-5.26316 2.94171e+25 1.95256e+14 1.72704e-17 -8.91552e-18 4.87376e-18 0.152608 0.814925 2.89542e-07 0.0324666 0 0 
-5.22807 3.00317e+25 2.06063e+14 1.69605e-17 -8.74637e-18 4.76823e-18 0.152779 0.815839 3.22042e-07 0.0313823 0 0 
-5.19298 3.06576e+25 2.1746e+14 1.66565e-17 -8.58088e-18 4.66556e-18 0.152944 0.816722 3.58177e-07 0.0303331 0 0 
-5.15789 3.12948e+25 2.29479e+14 1.63583e-17 -8.41893e-18 4.56567e-18 0.153104 0.817577 3.98353e-07 0.0293179 0 0 
-5.12281 3.19437e+25 2.42154e+14 1.60657e-17 -8.26045e-18 4.46845e-18 0.153259 0.818405 4.43019e-07 0.0283357 0 0 
-5.08772 3.26044e+25 2.55521e+14 1.57786e-17 -8.10533e-18 4.37381e-18 0.153409 0.819205 4.92676e-07 0.0273854 0 0 
-5.05263 3.32771e+25 2.69618e+14 1.54969e-17 -7.95348e-18 4.28167e-18 0.153554 0.819979 5.47882e-07 0.0264662 0 0 
-5.01754 3.3962e+25 2.84483e+14 1.52204e-17 -7.80483e-18 4.19193e-18 0.153694 0.820728 6.09255e-07 0.025577 0 0 
-4.98246 3.46594e+25 3.00158e+14 1.49491e-17 -7.65929e-18 4.10452e-18 0.15383 0.821452 6.77481e-07 0.0247169 0 0 
-4.94737 3.53694e+25 3.16687e+14 1.46829e-17 -7.51677e-18 4.01936e-18 0.153961 0.822153 7.53325e-07 0.023885 0 0 
-4.91228 3.60923e+25 3.34117e+14 1.44216e-17 -7.3772e-18 3.93637e-18 0.154088 0.822831 8.37637e-07 0.0230805 0 0 
-4.87719 3.68283e+25 3.52497e+14 1.41651e-17 -7.24051e-18 3.85548e-18 0.154211 0.823486 9.31358e-07 0.0223024 0 0 
-4.84211 3.75776e+25 3.71877e+14 1.39134e-17 -7.10662e-18 3.77662e-18 0.154329 0.824119 1.03554e-06 0.02155 0 0 
-4.80702 3.83404e+25 3.92312e+14 1.36664e-17 -6.97546e-18 3.69973e-18 0.154444 0.824732 1.15134e-06 0.0208225 0 0 
-4.77193 3.91171e+25 4.1386e+14 1.34239e-17 -6.84696e-18 3.62475e-18 0.154555 0.825325 1.28006e-06 0.020119 0 0 
-4.73684 3.99077e+25 4.3658e+14 1.31859e-17 -6.72107e-18 3.5516e-18 0.154662 0.825897 1.42314e-06 0.0194388 0 0 
-4.70175 4.07126e+25 4.60536e+14 1.29522e-17 -6.59771e-18 3.48023e-18 0.154766 0.826451 1.58217e-06 0.0187811 0 0 
-4.66667 4.15321e+25 4.85795e+14 1.27229e-17 -6.47682e-18 3.41059e-18 0.154866 0.826987 1.75894e-06 0.0181453 0 0 
-4.63158 4.23663e+25 5.12427e+14 1.24977e-17 -6.35835e-18 3.34263e-18 0.154963 0.827504 1.95541e-06 0.0175306 0 0 
-4.59649 4.32155e+25 5.40508e+14 1.22766e-17 -6.24223e-18 3.27628e-18 0.155057 0.828004 2.17378e-06 0.0169364 0 0 
-4.5614 4.408e+25 5.70114e+14 1.20596e-17 -6.12842e-18 3.2115e-18 0.155148 0.828488 2.41648e-06 0.016362 0 0 
-4.52632 4.49601e+25 6.0133e+14 1.18465e-17 -6.01685e-18 3.14825e-18 0.155235 0.828955 2.68623e-06 0.0158068 0 0 
-4.49123 4.5856e+25 6.34241e+14 1.16373e-17 -5.90747e-18 3.08647e-18 0.15532 0.829407 2.98604e-06 0.0152701 0 0 
-4.45614 4.6768e+25 6.68941e+14 1.14319e-17 -5.80024e-18 3.02612e-18 0.155401 0.829844 3.31924e-06 0.0147514 0 0 
-4.42105 4.76964e+25 7.05525e+14 1.12303e-17 -5.69509e-18 2.96716e-18 0.15548 0.830266 3.68957e-06 0.01425 0 0 
-4.38596 4.86415e+25 7.44096e+14 1.10323e-17 -5.592e-18 2.90955e-18 0.155557 0.830674 4.10113e-06 0.0137654 0 0 
-4.35088 4.96035e+25 7.84761e+14 1.08378e-17 -5.4909e-18 2.85324e-18 0.155631 0.831068 4.55853e-06 0.0132971 0 0 
-4.31579 5.05827e+25 8.27633e+14 1.06469e-17 -5.39176e-18 2.79821e-18 0.155702 0.831448 5.06686e-06 0.0128445 0 0 
-4.2807 5.15795e+25 8.72833e+14 1.04594e-17 -5.29452e-18 2.74441e-18 0.155771 0.831816 5.63179e-06 0.0124071 0 0 
-4.24561 5.25942e+25 9.20486e+14 1.02754e-17 -5.19915e-18 2.69181e-18 0.155837 0.832172 6.25961e-06 0.0119844 0 0 
-4.21053 5.36271e+25 9.70724e+14 1.00946e-17 -5.10561e-18 2.64037e-18 0.155902 0.832515 6.95731e-06 0.011576 0 0 
-4.17544 5.46784e+25 1.02369e+15 9.91704e-18 -5.01385e-18 2.59007e-18 0.155964 0.832847 7.73268e-06 0.0111813 0 0 
-4.14035 5.57486e+25 1.07953e+15 9.7427e-18 -4.92384e-18 2.54087e-18 0.156024 0.833168 8.59433e-06 0.0108 0 0 
-4.10526 5.68379e+25 1.13839e+15 9.57149e-18 -4.83553e-18 2.49273e-18 0.156082 0.833477 9.55188e-06 0.0104315 0 0 
-4.07018 5.79467e+25 1.20045e+15 9.40335e-18 -4.7489e-18 2.44564e-18 0.156138 0.833776 1.0616e-05 0.0100754 0 0 
-4.03509 5.90753e+25 1.26587e+15 9.23822e-18 -4.6639e-18 2.39956e-18 0.156192 0.834065 1.17985e-05 0.00973138 0 0 
-4 6.02241e+25 1.33484e+15 9.07604e-18 -4.58049e-18 2.35447e-18 0.156244 0.834344 1.31125e-05 0.00939899 0 0 
-3.96491 6.13934e+25 1.40755e+15 8.91676e-18 -4.49866e-18 2.31034e-18 0.156295 0.834613 1.45727e-05 0.00907785 0 0 
-3.92982 6.25836e+25 1.48421e+15 8.76033e-18 -4.41835e-18 2.26715e-18 0.156343 0.834873 1.61954e-05 0.00876758 0 0 
-3.89474 6.3795e+25 1.56501e+15 8.60668e-18 -4.33955e-18 2.22486e-18 0.15639 0.835124 1.79985e-05 0.00846783 0 0 
-3.85965 6.50281e+25 1.6502e+15 8.45578e-18 -4.26221e-18 2.18347e-18 0.156436 0.835366 2.00022e-05 0.00817823 0 0 
-3.82456 6.62832e+25 1.74e+15 8.30756e-18 -4.18631e-18 2.14293e-18 0.156479 0.8356 2.22288e-05 0.00789846 0 0 
-3.78947 6.75606e+25 1.83467e+15 8.16199e-18 -4.11182e-18 2.10325e-18 0.156522 0.835825 2.47029e-05 0.00762819 0 0 
-3.75439 6.88609e+25 1.93447e+15 8.019e-18 -4.03871e-18 2.06438e-18 0.156562 0.836043 2.74521e-05 0.00736709 0 0 
-3.7193 7.01843e+25 2.03967e+15 7.87855e-18 -3.96694e-18 2.02632e-18 0.156602 0.836253 3.0507e-05 0.00711487 0 0 
-3.68421 7.15313e+25 2.15057e+15 7.7406e-18 -3.8965e-18 1.98904e-18 0.15664 0.836455 3.39016e-05 0.00687121 0 0 
-3.64912 7.29023e+25 2.26748e+15 7.6051e-18 -3.82735e-18 1.95252e-18 0.156676 0.83665 3.76736e-05 0.00663584 0 0 
-3.61404 7.42978e+25 2.39073e+15 7.472e-18 -3.75947e-18 1.91675e-18 0.156711 0.836838 4.18648e-05 0.00640849 0 0 
-3.57895 7.57181e+25 2.52064e+15 7.34126e-18 -3.69284e-18 1.88171e-18 0.156745 0.837019 4.6522e-05 0.00618886 0 0 
-3.54386 7.71636e+25 2.6576e+15 7.21284e-18 -3.62741e-18 1.84738e-18 0.156778 0.837194 5.16969e-05 0.00597672 0 0 
-3.50877 7.8635e+25 2.80196e+15 7.08669e-18 -3.56319e-18 1.81374e-18 0.156809 0.837361 5.74469e-05 0.0057718 0 0 
-3.47368 8.01325e+25 2.95415e+15 6.96278e-18 -3.50013e-18 1.78079e-18 0.156839 0.837523 6.3836e-05 0.00557387 0 0 
-3.4386 8.16566e+25 3.11457e+15 6.84106e-18 -3.43821e-18 1.7485e-18 0.156869 0.837678 7.09351e-05 0.00538268 0 0 
-3.40351 8.32079e+25 3.28368e+15 6.72149e-18 -3.37742e-18 1.71686e-18 0.156896 0.837827 7.88231e-05 0.00519802 0 0 
-3.36842 8.47868e+25 3.46195e+15 6.60403e-18 -3.31772e-18 1.68586e-18 0.156923 0.83797 8.75876e-05 0.00501965 0 0 
-3.33333 8.63937e+25 3.64986e+15 6.48865e-18 -3.2591e-18 1.65548e-18 0.156949 0.838107 9.7326e-05 0.00484737 0 0 
-3.29825 8.80292e+25 3.84794e+15 6.37531e-18 -3.20154e-18 1.62571e-18 0.156973 0.838238 0.000108146 0.00468096 0 0 
-3.26316 8.96938e+25 4.05675e+15 6.26397e-18 -3.14501e-18 1.59654e-18 0.156997 0.838363 0.000120169 0.00452024 0 0 
-3.22807 9.1388e+25 4.27685e+15 6.15459e-18 -3.0895e-18 1.56795e-18 0.157019 0.838482 0.000133527 0.00436501 0 0 
-3.19298 9.31122e+25 4.50887e+15 6.04715e-18 -3.03497e-18 1.53995e-18 0.15704 0.838596 0.000148369 0.00421508 0 0 
-3.15789 9.48671e+25 4.75344e+15 5.9416e-18 -2.98142e-18 1.5125e-18 0.157061 0.838704 0.00016486 0.00407027 0 0 
-3.12281 9.66532e+25 5.01124e+15 5.83792e-18 -2.92883e-18 1.48562e-18 0.15708 0.838807 0.000183182 0.00393041 0 0 
-3.08772 9.8471e+25 5.28299e+15 5.73606e-18 -2.87716e-18 1.45927e-18 0.157098 0.838903 0.000203539 0.00379533 0 0 
-3.05263 1.00321e+26 5.56944e+15 5.636e-18 -2.82642e-18 1.43347e-18 0.157115 0.838994 0.000226157 0.00366487 0 0 
-3.01754 1.02204e+26 5.87139e+15 5.5377e-18 -2.77656e-18 1.40819e-18 0.157131 0.839079 0.000251287 0.00353886 0 0 
-2.98246 1.0412e+26 6.18967e+15 5.44114e-18 -2.72759e-18 1.38343e-18 0.157146 0.839158 0.000279206 0.00341717 0 0 
-2.94737 1.06071e+26 6.52517e+15 5.34628e-18 -2.67948e-18 1.35918e-18 0.157159 0.839231 0.000310226 0.00329963 0 0 
-2.91228 1.08056e+26 6.87881e+15 5.2531e-18 -2.6322e-18 1.33544e-18 0.157172 0.839297 0.000344689 0.00318612 0 0 
-2.87719 1.10076e+26 7.25158e+15 5.16156e-18 -2.58575e-18 1.31219e-18 0.157183 0.839357 0.000382978 0.00307648 0 0 
-2.84211 1.12132e+26 7.64451e+15 5.07163e-18 -2.54011e-18 1.28944e-18 0.157193 0.839411 0.000425517 0.0029706 0 0 
-2.80702 1.14224e+26 8.05868e+15 4.9833e-18 -2.49526e-18 1.26718e-18 0.157202 0.839457 0.000472777 0.00286833 0 0 
-2.77193 1.16354e+26 8.49525e+15 4.89652e-18 -2.45118e-18 1.24541e-18 0.157209 0.839496 0.000525281 0.00276956 0 0 
-2.73684 1.18521e+26 8.95542e+15 4.81127e-18 -2.40786e-18 1.22411e-18 0.157215 0.839527 0.00058361 0.00267417 0 0 
-2.70175 1.20727e+26 9.44046e+15 4.72754e-18 -2.36527e-18 1.20329e-18 0.157219 0.83955 0.000648411 0.00258203 0 0 
-2.66667 1.22971e+26 9.95172e+15 4.64528e-18 -2.32341e-18 1.18294e-18 0.157222 0.839565 0.000720398 0.00249305 0 0 
-2.63158 1.25256e+26 1.04906e+16 4.56448e-18 -2.28226e-18 1.16307e-18 0.157223 0.83957 0.00080037 0.00240711 0 0 
-2.59649 1.27581e+26 1.10586e+16 4.48512e-18 -2.24179e-18 1.14367e-18 0.157222 0.839565 0.000889208 0.0023241 0 0 
-2.5614 1.29947e+26 1.16573e+16 4.40716e-18 -2.20199e-18 1.12474e-18 0.157219 0.839549 0.000987894 0.00224392 0 0 
-2.52632 1.32354e+26 1.22884e+16 4.33058e-18 -2.16285e-18 1.10629e-18 0.157214 0.839522 0.00109752 0.00216648 0 0 
-2.49123 1.34805e+26 1.29536e+16 4.25537e-18 -2.12435e-18 1.08831e-18 0.157206 0.839483 0.00121929 0.00209169 0 0 
-2.45614 1.37299e+26 1.36546e+16 4.1815e-18 -2.08648e-18 1.07081e-18 0.157197 0.839429 0.00135455 0.00201944 0 0 
-2.42105 1.39836e+26 1.43936e+16 4.10894e-18 -2.0492e-18 1.05379e-18 0.157184 0.839362 0.00150478 0.00194965 0 0 
-2.38596 1.42419e+26 1.51724e+16 4.03769e-18 -2.01252e-18 1.03726e-18 0.157168 0.839278 0.00167165 0.00188224 0 0 
-2.35088 1.45047e+26 1.59933e+16 3.96771e-18 -1.97641e-18 1.02123e-18 0.157149 0.839177 0.00185699 0.00181712 0 0 
-2.31579 1.47721e+26 1.68584e+16 3.89899e-18 -1.94085e-18 1.0057e-18 0.157127 0.839056 0.00206282 0.00175422 0 0 
-2.2807 1.50443e+26 1.77703e+16 3.8315e-18 -1.90583e-18 9.90677e-19 0.1571 0.838915 0.00229142 0.00169345 0 0 
-2.24561 1.53213e+26 1.87314e+16 3.76524e-18 -1.87132e-18 9.76181e-19 0.157069 0.838751 0.00254527 0.00163474 0 0 
-2.21053 1.56031e+26 1.97442e+16 3.70018e-18 -1.83732e-18 9.62222e-19 0.157034 0.838561 0.00282716 0.00157802 0 0 
-2.17544 1.58899e+26 2.08117e+16 3.6363e-18 -1.80379e-18 9.48812e-19 0.156993 0.838343 0.00314017 0.00152322 0 0 
-2.14035 1.61817e+26 2.19368e+16 3.57359e-18 -1.77073e-18 9.3597e-19 0.156947 0.838095 0.00348771 0.00147026 0 0 
-2.10526 1.64786e+26 2.31224e+16 3.51203e-18 -1.7381e-18 9.23712e-19 0.156894 0.837813 0.00387355 0.00141909 0 0 
-2.07018 1.67807e+26 2.43719e+16 3.45161e-18 -1.7059e-18 9.12061e-19 0.156834 0.837494 0.00430189 0.00136964 0 0 
-2.03509 1.70881e+26 2.56886e+16 3.39231e-18 -1.67409e-18 9.01038e-19 0.156767 0.837134 0.00477735 0.00132185 0 0 
-2 1.74009e+26 2.70762e+16 3.33413e-18 -1.64266e-18 8.9067e-19 0.156691 0.836729 0.00530508 0.00127565 0 0 
-1.96491 1.77192e+26 2.85384e+16 3.27704e-18 -1.61158e-18 8.80984e-19 0.156605 0.836273 0.00589075 0.001231 0 0 
-1.92982 1.80429e+26 3.00792e+16 3.22103e-18 -1.58083e-18 8.72013e-19 0.15651 0.835762 0.00654064 0.00118783 0 0 
-1.89474 1.83723e+26 3.17027e+16 3.1661e-18 -1.55038e-18 8.63789e-19 0.156403 0.83519 0.0072617 0.00114609 0 0 
-1.85965 1.87074e+26 3.34133e+16 3.11223e-18 -1.5202e-18 8.56352e-19 0.156283 0.83455 0.00806159 0.00110572 0 0 
-1.82456 1.90483e+26 3.52156e+16 3.05941e-18 -1.49027e-18 8.49743e-19 0.156149 0.833836 0.00894878 0.00106668 0 0 
-1.78947 1.93951e+26 3.71145e+16 3.00764e-18 -1.46056e-18 8.44005e-19 0.156 0.833039 0.00993262 0.00102892 0 0 
-1.75439 1.97479e+26 3.9115e+16 2.95692e-18 -1.43103e-18 8.39189e-19 0.155833 0.832151 0.0110234 0.000992386 0 0 
-1.7193 2.01066e+26 4.12224e+16 2.90722e-18 -1.40166e-18 8.35347e-19 0.155648 0.831162 0.0122325 0.000957031 0 0 
-1.68421 2.04715e+26 4.34423e+16 2.85855e-18 -1.3724e-18 8.32536e-19 0.155442 0.830062 0.0135724 0.00092281 0 0 
-1.64912 2.08426e+26 4.57805e+16 2.81091e-18 -1.34322e-18 8.3082e-19 0.155214 0.82884 0.0150567 0.00088968 0 0 
-1.61404 2.122e+26 4.82432e+16 2.76429e-18 -1.31408e-18 8.30264e-19 0.154959 0.827482 0.0167007 0.000857598 0 0 
-1.57895 2.16037e+26 5.08367e+16 2.71869e-18 -1.28494e-18 8.30941e-19 0.154677 0.825976 0.0185207 0.000826521 0 0 
-1.54386 2.19938e+26 5.35677e+16 2.67412e-18 -1.25576e-18 8.32926e-19 0.154364 0.824305 0.0205349 0.000796408 0 0 
-1.50877 2.23905e+26 5.64433e+16 2.63057e-18 -1.22648e-18 8.36303e-19 0.154017 0.822452 0.0227631 0.000767221 0 0 
-1.47368 2.27936e+26 5.94706e+16 2.58805e-18 -1.19705e-18 8.41157e-19 0.153633 0.820401 0.0252268 0.00073892 0 0 
-1.4386 2.32034e+26 6.26574e+16 2.54657e-18 -1.16743e-18 8.4758e-19 0.153208 0.818131 0.0279495 0.000711469 0 0 
-1.40351 2.36198e+26 6.60115e+16 2.50613e-18 -1.13755e-18 8.55669e-19 0.152738 0.815621 0.0309567 0.00068483 0 0 
-1.36842 2.40428e+26 6.95411e+16 2.46675e-18 -1.10736e-18 8.65525e-19 0.152218 0.812847 0.034276 0.000658968 0 0 
-1.33333 2.44726e+26 7.32548e+16 2.42843e-18 -1.07679e-18 8.77253e-19 0.151645 0.809784 0.0379372 0.00063385 0 0 
-1.29825 2.49092e+26 7.71614e+16 2.39119e-18 -1.04578e-18 8.9096e-19 0.151012 0.806406 0.0419725 0.000609443 0 0 
-1.26316 2.53525e+26 8.127e+16 2.35504e-18 -1.01424e-18 9.06758e-19 0.150315 0.802683 0.0464163 0.000585713 0 0 
-1.22807 2.58025e+26 8.55902e+16 2.32002e-18 -9.82118e-19 9.24758e-19 0.149548 0.798584 0.0513054 0.00056263 0 0 
-1.19298 2.62593e+26 9.01316e+16 2.28613e-18 -9.49321e-19 9.45074e-19 0.148704 0.794077 0.0566787 0.000540166 0 0 
-1.15789 2.67227e+26 9.49042e+16 2.25341e-18 -9.15769e-19 9.67814e-19 0.147777 0.789127 0.0625777 0.00051829 0 0 
-1.12281 2.71929e+26 9.99182e+16 2.22188e-18 -8.81374e-19 9.93088e-19 0.14676 0.783698 0.0690456 0.000496976 0 0 
-1.08772 2.76696e+26 1.05184e+17 2.19157e-18 -8.46047e-19 1.021e-18 0.145646 0.77775 0.0761277 0.000476199 0 0 
-1.05263 2.81528e+26 1.10712e+17 2.16252e-18 -8.09694e-19 1.05163e-18 0.144428 0.771245 0.0838708 0.000455935 0 0 
-1.01754 2.86424e+26 1.16513e+17 2.13476e-18 -7.72216e-19 1.08507e-18 0.143098 0.764143 0.0923226 0.000436161 0 0 
-0.982456 2.91382e+26 1.22599e+17 2.10834e-18 -7.33515e-19 1.12139e-18 0.141648 0.756403 0.101532 0.000416857 0 0 
-0.947368 2.96402e+26 1.28979e+17 2.0833e-18 -6.93488e-19 1.16062e-18 0.140072 0.747984 0.111546 0.000398004 0 0 
-0.912281 3.0148e+26 1.35664e+17 2.05969e-18 -6.52033e-19 1.20281e-18 0.138361 0.738845 0.122414 0.000379586 0 0 
-0.877193 3.06615e+26 1.42665e+17 2.03756e-18 -6.09046e-19 1.24794e-18 0.136507 0.72895 0.134181 0.00036159 0 0 
-0.842105 3.11804e+26 1.49993e+17 2.01697e-18 -5.64424e-19 1.29599e-18 0.134506 0.718261 0.14689 0.000344003 0 0 
-0.807018 3.17044e+26 1.57657e+17 1.99798e-18 -5.18066e-19 1.34688e-18 0.132349 0.706745 0.160579 0.000326817 0 0 
-0.77193 3.22333e+26 1.65668e+17 1.98064e-18 -4.69874e-19 1.40052e-18 0.130033 0.694376 0.175281 0.000310026 0 0 
-0.736842 3.27665e+26 1.74033e+17 1.96502e-18 -4.19753e-19 1.45676e-18 0.127553 0.681131 0.191023 0.000293627 0 0 
-0.701754 3.33038e+26 1.82763e+17 1.9512e-18 -3.67617e-19 1.51541e-18 0.124905 0.666995 0.207822 0.000277619 0 0 
-0.666667 3.38446e+26 1.91864e+17 1.93925e-18 -3.13383e-19 1.57624e-18 0.12209 0.651961 0.225687 0.000262005 0 0 
-0.631579 3.43884e+26 2.01344e+17 1.92924e-18 -2.56981e-19 1.63898e-18 0.119107 0.636033 0.244613 0.000246791 0 0 
-0.596491 3.49349e+26 2.11208e+17 1.92124e-18 -1.98349e-19 1.70331e-18 0.11596 0.619224 0.264584 0.000231985 0 0 
-0.561404 3.54833e+26 2.21462e+17 1.91535e-18 -1.37436e-19 1.76888e-18 0.112652 0.601561 0.285569 0.000217597 0 0 
-0.526316 3.60331e+26 2.32108e+17 1.91163e-18 -7.42066e-20 1.83532e-18 0.109192 0.583083 0.307522 0.000203641 0 0 
-0.491228 3.65836e+26 2.4315e+17 1.91017e-18 -8.63658e-21 1.90222e-18 0.105588 0.563839 0.330382 0.00019013 0 0 
-0.45614 3.71342e+26 2.54587e+17 1.91105e-18 5.92829e-20 1.96917e-18 0.101853 0.543897 0.354073 0.000177082 0 0 
-0.421053 3.76842e+26 2.6642e+17 1.91435e-18 1.29546e-19 2.03576e-18 0.0980021 0.523331 0.378502 0.000164511 0 0 
-0.385965 3.82329e+26 2.78647e+17 1.92017e-18 2.02135e-19 2.10161e-18 0.0940511 0.502233 0.403564 0.000152435 0 0 
-0.350877 3.87796e+26 2.91263e+17 1.92856e-18 2.77015e-19 2.16633e-18 0.090019 0.480701 0.429139 0.00014087 0 0 
-0.315789 3.93236e+26 3.04264e+17 1.93963e-18 3.54141e-19 2.22962e-18 0.0859263 0.458846 0.455098 0.000129829 0 0 
-0.280702 3.9864e+26 3.17643e+17 1.95344e-18 4.33459e-19 2.29118e-18 0.0817946 0.436783 0.481303 0.000119325 0 0 
-0.245614 4.04003e+26 3.31393e+17 1.97007e-18 5.14903e-19 2.35083e-18 0.0776466 0.414633 0.507611 0.000109368 0 0 
-0.210526 4.09317e+26 3.45503e+17 1.9896e-18 5.98405e-19 2.40842e-18 0.0735051 0.392517 0.533878 9.99649e-05 0 0 
-0.175439 4.14575e+26 3.59964e+17 2.01209e-18 6.83891e-19 2.4639e-18 0.069393 0.370558 0.559957 9.11186e-05 0 0 
-0.140351 4.1977e+26 3.74764e+17 2.03761e-18 7.71286e-19 2.51729e-18 0.0653323 0.348875 0.58571 8.28288e-05 0 0 
-0.105263 4.24898e+26 3.8989e+17 2.06624e-18 8.60519e-19 2.56869e-18 0.0613442 0.327578 0.611003 7.5091e-05 0 0 
-0.0701754 4.2995e+26 4.05329e+17 2.09802e-18 9.51524e-19 2.61828e-18 0.057448 0.306772 0.635712 6.78971e-05 0 0 
-0.0350877 4.34923e+26 4.21067e+17 2.13303e-18 1.04424e-18 2.66632e-18 0.0536615 0.286552 0.659725 6.12351e-05 0 0 
0 4.39812e+26 4.37089e+17 2.17132e-18 1.13862e-18 2.7131e-18 0.05 0.267 0.682945 5.50896e-05 0 0 
