2 1002.96 
3 972.982 
4 940.217 
5 916.8 
6 901.802 
7 893.277 
8 889.622 
9 889.148 
10 892.571 
11 897.65 
12 904.673 
13 912.478 
14 922.063 
15 933.317 
16 944.134 
17 955.185 
18 967.615 
19 981.732 
20 996.797 
21 1011.43 
22 1025.78 
23 1040.32 
24 1055.28 
25 1070.58 
26 1085.96 
27 1101.53 
28 1117.41 
29 1133.56 
30 1149.75 
31 1165.67 
32 1181.44 
33 1197.26 
34 1213.32 
35 1229.72 
36 1246.55 
37 1263.81 
38 1281.46 
39 1299.35 
40 1317.29 
41 1335.06 
42 1352.67 
43 1370.22 
44 1387.77 
45 1405.41 
46 1423.16 
47 1441.07 
48 1459.14 
49 1477.38 
50 1495.74 
51 1514.21 
52 1532.81 
53 1551.58 
54 1570.56 
55 1589.76 
56 1609.22 
57 1628.92 
58 1648.87 
59 1669.03 
60 1689.38 
61 1709.89 
62 1730.56 
63 1751.43 
64 1772.52 
65 1793.86 
66 1815.44 
67 1837.29 
68 1859.41 
69 1881.79 
70 1904.43 
71 1927.32 
72 1950.47 
73 1973.89 
74 1997.61 
75 2021.62 
76 2045.94 
77 2070.56 
78 2095.48 
79 2120.71 
80 2146.22 
81 2172.01 
82 2198.09 
83 2224.47 
84 2251.15 
85 2278.13 
86 2305.43 
87 2333.03 
88 2360.94 
89 2389.16 
90 2417.68 
91 2446.48 
92 2475.58 
93 2504.96 
94 2534.64 
95 2564.61 
96 2594.86 
97 2625.39 
98 2656.18 
99 2687.24 
100 2718.55 
101 2750.09 
102 2781.87 
103 2813.89 
104 2846.14 
105 2878.63 
106 2911.36 
107 2944.31 
108 2977.5 
109 3010.91 
110 3044.54 
111 3078.38 
112 3112.42 
113 3146.66 
114 3181.08 
115 3215.67 
116 3250.41 
117 3285.29 
118 3320.3 
119 3355.41 
120 3390.61 
121 3425.88 
122 3461.21 
123 3496.59 
124 3532.02 
125 3567.48 
126 3602.97 
127 3638.49 
128 3674.02 
129 3709.55 
130 3745.07 
131 3780.58 
132 3816.05 
133 3851.48 
134 3886.85 
135 3922.15 
136 3957.36 
137 3992.47 
138 4027.47 
139 4062.32 
140 4097.03 
141 4131.56 
142 4165.91 
143 4200.07 
144 4234.02 
145 4267.76 
146 4301.28 
147 4334.56 
148 4367.59 
149 4400.36 
150 4432.86 
151 4465.07 
152 4496.98 
153 4528.58 
154 4559.85 
155 4590.78 
156 4621.35 
157 4651.55 
158 4681.37 
159 4710.78 
160 4739.78 
161 4768.33 
162 4796.44 
163 4824.1 
164 4851.29 
165 4878 
166 4904.23 
167 4929.97 
168 4955.19 
169 4979.9 
170 5004.09 
171 5027.74 
172 5050.84 
173 5073.38 
174 5095.35 
175 5116.75 
176 5137.56 
177 5157.76 
178 5177.36 
179 5196.33 
180 5214.67 
181 5232.37 
182 5249.42 
183 5265.81 
184 5281.54 
185 5296.6 
186 5310.98 
187 5324.68 
188 5337.7 
189 5350.02 
190 5361.65 
191 5372.58 
192 5382.79 
193 5392.3 
194 5401.08 
195 5409.15 
196 5416.49 
197 5423.1 
198 5428.97 
199 5434.1 
200 5438.49 
201 5442.14 
202 5445.04 
203 5447.19 
204 5448.59 
205 5449.24 
206 5449.14 
207 5448.3 
208 5446.7 
209 5444.36 
210 5441.27 
211 5437.43 
212 5432.86 
213 5427.54 
214 5421.48 
215 5414.68 
216 5407.15 
217 5398.9 
218 5389.91 
219 5380.2 
220 5369.77 
221 5358.63 
222 5346.78 
223 5334.23 
224 5320.97 
225 5307.02 
226 5292.39 
227 5277.08 
228 5261.09 
229 5244.43 
230 5227.11 
231 5209.13 
232 5190.51 
233 5171.25 
234 5151.36 
235 5130.85 
236 5109.72 
237 5087.99 
238 5065.66 
239 5042.75 
240 5019.26 
241 4995.21 
242 4970.61 
243 4945.46 
244 4919.78 
245 4893.59 
246 4866.89 
247 4839.69 
248 4812.02 
249 4783.88 
250 4755.29 
251 4726.26 
252 4696.81 
253 4666.93 
254 4636.66 
255 4605.98 
256 4574.93 
257 4543.5 
258 4511.72 
259 4479.59 
260 4447.13 
261 4414.34 
262 4381.25 
263 4347.86 
264 4314.2 
265 4280.26 
266 4246.08 
267 4211.65 
268 4177.01 
269 4142.15 
270 4107.11 
271 4071.89 
272 4036.5 
273 4000.98 
274 3965.33 
275 3929.56 
276 3893.7 
277 3857.77 
278 3821.76 
279 3785.7 
280 3749.6 
281 3713.47 
282 3677.33 
283 3641.18 
284 3605.05 
285 3568.95 
286 3532.89 
287 3496.88 
288 3460.95 
289 3425.1 
290 3389.36 
291 3353.72 
292 3318.22 
293 3282.87 
294 3247.68 
295 3212.67 
296 3177.85 
297 3143.24 
298 3108.85 
299 3074.71 
300 3040.84 
301 3007.23 
302 2973.91 
303 2940.88 
304 2908.16 
305 2875.74 
306 2843.63 
307 2811.85 
308 2780.4 
309 2749.29 
310 2718.52 
311 2688.1 
312 2658.05 
313 2628.36 
314 2599.05 
315 2570.11 
316 2541.57 
317 2513.42 
318 2485.67 
319 2458.33 
320 2431.4 
321 2404.89 
322 2378.81 
323 2353.16 
324 2327.96 
325 2303.2 
326 2278.89 
327 2255.03 
328 2231.64 
329 2208.72 
330 2186.27 
331 2164.3 
332 2142.82 
333 2121.83 
334 2101.33 
335 2081.33 
336 2061.84 
337 2042.85 
338 2024.38 
339 2006.43 
340 1989.01 
341 1972.1 
342 1955.73 
343 1939.9 
344 1924.61 
345 1909.85 
346 1895.65 
347 1881.99 
348 1868.89 
349 1856.35 
350 1844.36 
351 1832.94 
352 1822.07 
353 1811.77 
354 1802.03 
355 1792.84 
356 1784.21 
357 1776.14 
358 1768.61 
359 1761.63 
360 1755.2 
361 1749.31 
362 1743.95 
363 1739.14 
364 1734.85 
365 1731.09 
366 1727.86 
367 1725.14 
368 1722.94 
369 1721.24 
370 1720.05 
371 1719.35 
372 1719.15 
373 1719.43 
374 1720.19 
375 1721.42 
376 1723.12 
377 1725.27 
378 1727.87 
379 1730.92 
380 1734.4 
381 1738.3 
382 1742.62 
383 1747.35 
384 1752.47 
385 1757.99 
386 1763.88 
387 1770.14 
388 1776.76 
389 1783.73 
390 1791.03 
391 1798.65 
392 1806.59 
393 1814.83 
394 1823.36 
395 1832.16 
396 1841.22 
397 1850.54 
398 1860.09 
399 1869.86 
400 1879.83 
401 1890.01 
402 1900.36 
403 1910.9 
404 1921.62 
405 1932.51 
406 1943.56 
407 1954.77 
408 1966.14 
409 1977.65 
410 1989.31 
411 2001.1 
412 2013.02 
413 2025.06 
414 2037.21 
415 2049.48 
416 2061.84 
417 2074.3 
418 2086.84 
419 2099.47 
420 2112.16 
421 2124.92 
422 2137.73 
423 2150.59 
424 2163.49 
425 2176.42 
426 2189.37 
427 2202.33 
428 2215.29 
429 2228.25 
430 2241.2 
431 2254.12 
432 2267.01 
433 2279.85 
434 2292.64 
435 2305.36 
436 2318.01 
437 2330.58 
438 2343.05 
439 2355.41 
440 2367.66 
441 2379.78 
442 2391.76 
443 2403.59 
444 2415.25 
445 2426.74 
446 2438.05 
447 2449.15 
448 2460.04 
449 2470.71 
450 2481.15 
451 2491.33 
452 2501.26 
453 2510.95 
454 2520.38 
455 2529.55 
456 2538.48 
457 2547.15 
458 2555.56 
459 2563.72 
460 2571.63 
461 2579.28 
462 2586.67 
463 2593.8 
464 2600.68 
465 2607.3 
466 2613.66 
467 2619.76 
468 2625.6 
469 2631.19 
470 2636.51 
471 2641.58 
472 2646.39 
473 2650.94 
474 2655.22 
475 2659.25 
476 2663.02 
477 2666.54 
478 2669.79 
479 2672.78 
480 2675.52 
481 2677.99 
482 2680.21 
483 2682.18 
484 2683.88 
485 2685.33 
486 2686.52 
487 2687.46 
488 2688.14 
489 2688.57 
490 2688.74 
491 2688.66 
492 2688.33 
493 2687.74 
494 2686.91 
495 2685.83 
496 2684.49 
497 2682.91 
498 2681.09 
499 2679.01 
500 2676.7 
501 2674.14 
502 2671.34 
503 2668.3 
504 2665.04 
505 2661.55 
506 2657.85 
507 2653.92 
508 2649.79 
509 2645.45 
510 2640.92 
511 2636.18 
512 2631.27 
513 2626.16 
514 2620.88 
515 2615.43 
516 2609.82 
517 2604.04 
518 2598.12 
519 2592.04 
520 2585.83 
521 2579.48 
522 2573 
523 2566.4 
524 2559.69 
525 2552.87 
526 2545.95 
527 2538.94 
528 2531.85 
529 2524.67 
530 2517.43 
531 2510.12 
532 2502.75 
533 2495.34 
534 2487.89 
535 2480.41 
536 2472.9 
537 2465.38 
538 2457.85 
539 2450.32 
540 2442.81 
541 2435.31 
542 2427.84 
543 2420.41 
544 2413.03 
545 2405.7 
546 2398.43 
547 2391.25 
548 2384.14 
549 2377.13 
550 2370.22 
551 2363.42 
552 2356.75 
553 2350.19 
554 2343.75 
555 2337.44 
556 2331.26 
557 2325.21 
558 2319.3 
559 2313.53 
560 2307.9 
561 2302.42 
562 2297.08 
563 2291.9 
564 2286.88 
565 2282.01 
566 2277.31 
567 2272.77 
568 2268.4 
569 2264.21 
570 2260.19 
571 2256.36 
572 2252.71 
573 2249.24 
574 2245.97 
575 2242.89 
576 2240.02 
577 2237.34 
578 2234.87 
579 2232.61 
580 2230.57 
581 2228.74 
582 2227.14 
583 2225.76 
584 2224.61 
585 2223.69 
586 2223.01 
587 2222.58 
588 2222.38 
589 2222.44 
590 2222.75 
591 2223.32 
592 2224.16 
593 2225.25 
594 2226.62 
595 2228.26 
596 2230.19 
597 2232.39 
598 2234.88 
599 2237.67 
600 2240.75 
601 2244.13 
602 2247.81 
603 2251.78 
604 2256.04 
605 2260.59 
606 2265.43 
607 2270.55 
608 2275.95 
609 2281.63 
610 2287.57 
611 2293.79 
612 2300.27 
613 2307.02 
614 2314.02 
615 2321.27 
616 2328.78 
617 2336.53 
618 2344.52 
619 2352.75 
620 2361.22 
621 2369.92 
622 2378.84 
623 2387.98 
624 2397.34 
625 2406.91 
626 2416.69 
627 2426.67 
628 2436.85 
629 2447.23 
630 2457.79 
631 2468.53 
632 2479.46 
633 2490.55 
634 2501.82 
635 2513.25 
636 2524.83 
637 2536.57 
638 2548.45 
639 2560.48 
640 2572.64 
641 2584.92 
642 2597.34 
643 2609.86 
644 2622.5 
645 2635.25 
646 2648.09 
647 2661.03 
648 2674.06 
649 2687.16 
650 2700.34 
651 2713.58 
652 2726.89 
653 2740.25 
654 2753.66 
655 2767.12 
656 2780.61 
657 2794.14 
658 2807.7 
659 2821.27 
660 2834.87 
661 2848.47 
662 2862.07 
663 2875.68 
664 2889.27 
665 2902.85 
666 2916.4 
667 2929.93 
668 2943.42 
669 2956.87 
670 2970.27 
671 2983.62 
672 2996.9 
673 3010.11 
674 3023.25 
675 3036.31 
676 3049.27 
677 3062.14 
678 3074.9 
679 3087.55 
680 3100.08 
681 3112.48 
682 3124.75 
683 3136.87 
684 3148.85 
685 3160.66 
686 3172.31 
687 3183.78 
688 3195.08 
689 3206.18 
690 3217.08 
691 3227.77 
692 3238.25 
693 3248.51 
694 3258.53 
695 3268.31 
696 3277.84 
697 3287.11 
698 3296.11 
699 3304.84 
700 3313.28 
701 3321.42 
702 3329.27 
703 3336.83 
704 3344.08 
705 3351.03 
706 3357.68 
707 3364.03 
708 3370.08 
709 3375.82 
710 3381.25 
711 3386.38 
712 3391.2 
713 3395.71 
714 3399.91 
715 3403.79 
716 3407.37 
717 3410.63 
718 3413.57 
719 3416.2 
720 3418.51 
721 3420.5 
722 3422.18 
723 3423.53 
724 3424.56 
725 3425.27 
726 3425.66 
727 3425.72 
728 3425.45 
729 3424.86 
730 3423.94 
731 3422.69 
732 3421.11 
733 3419.21 
734 3416.97 
735 3414.39 
736 3411.49 
737 3408.25 
738 3404.67 
739 3400.76 
740 3396.51 
741 3391.93 
742 3387 
743 3381.74 
744 3376.13 
745 3370.18 
746 3363.9 
747 3357.26 
748 3350.29 
749 3342.97 
750 3335.3 
751 3327.29 
752 3318.94 
753 3310.25 
754 3301.23 
755 3291.88 
756 3282.2 
757 3272.21 
758 3261.9 
759 3251.29 
760 3240.36 
761 3229.14 
762 3217.63 
763 3205.82 
764 3193.73 
765 3181.36 
766 3168.72 
767 3155.8 
768 3142.63 
769 3129.2 
770 3115.51 
771 3101.58 
772 3087.41 
773 3073 
774 3058.37 
775 3043.51 
776 3028.43 
777 3013.14 
778 2997.65 
779 2981.96 
780 2966.07 
781 2950 
782 2933.75 
783 2917.33 
784 2900.74 
785 2883.99 
786 2867.08 
787 2850.03 
788 2832.84 
789 2815.52 
790 2798.07 
791 2780.5 
792 2762.82 
793 2745.04 
794 2727.16 
795 2709.18 
796 2691.13 
797 2673 
798 2654.81 
799 2636.55 
800 2618.24 
801 2599.89 
802 2581.5 
803 2563.08 
804 2544.62 
805 2526.14 
806 2507.65 
807 2489.13 
808 2470.61 
809 2452.09 
810 2433.57 
811 2415.05 
812 2396.55 
813 2378.06 
814 2359.59 
815 2341.16 
816 2322.76 
817 2304.39 
818 2286.08 
819 2267.81 
820 2249.6 
821 2231.45 
822 2213.37 
823 2195.37 
824 2177.44 
825 2159.6 
826 2141.85 
827 2124.2 
828 2106.65 
829 2089.22 
830 2071.9 
831 2054.7 
832 2037.63 
833 2020.7 
834 2003.91 
835 1987.26 
836 1970.77 
837 1954.45 
838 1938.29 
839 1922.3 
840 1906.5 
841 1890.89 
842 1875.47 
843 1860.25 
844 1845.24 
845 1830.45 
846 1815.88 
847 1801.54 
848 1787.43 
849 1773.57 
850 1759.97 
851 1746.62 
852 1733.53 
853 1720.7 
854 1708.12 
855 1695.81 
856 1683.76 
857 1671.97 
858 1660.43 
859 1649.16 
860 1638.15 
861 1627.39 
862 1616.9 
863 1606.67 
864 1596.69 
865 1586.98 
866 1577.52 
867 1568.33 
868 1559.39 
869 1550.72 
870 1542.3 
871 1534.15 
872 1526.25 
873 1518.62 
874 1511.24 
875 1504.12 
876 1497.26 
877 1490.66 
878 1484.31 
879 1478.23 
880 1472.4 
881 1466.83 
882 1461.51 
883 1456.46 
884 1451.66 
885 1447.11 
886 1442.83 
887 1438.79 
888 1435.02 
889 1431.5 
890 1428.23 
891 1425.22 
892 1422.46 
893 1419.95 
894 1417.7 
895 1415.69 
896 1413.94 
897 1412.44 
898 1411.2 
899 1410.2 
900 1409.45 
901 1408.95 
902 1408.69 
903 1408.68 
904 1408.9 
905 1409.36 
906 1410.04 
907 1410.96 
908 1412.09 
909 1413.43 
910 1415 
911 1416.76 
912 1418.74 
913 1420.91 
914 1423.28 
915 1425.84 
916 1428.58 
917 1431.51 
918 1434.61 
919 1437.89 
920 1441.33 
921 1444.94 
922 1448.7 
923 1452.62 
924 1456.68 
925 1460.89 
926 1465.24 
927 1469.72 
928 1474.33 
929 1479.07 
930 1483.92 
931 1488.88 
932 1493.95 
933 1499.12 
934 1504.39 
935 1509.76 
936 1515.2 
937 1520.73 
938 1526.33 
939 1532 
940 1537.74 
941 1543.53 
942 1549.38 
943 1555.27 
944 1561.2 
945 1567.16 
946 1573.15 
947 1579.17 
948 1585.2 
949 1591.24 
950 1597.28 
951 1603.33 
952 1609.36 
953 1615.39 
954 1621.41 
955 1627.41 
956 1633.39 
957 1639.35 
958 1645.29 
959 1651.2 
960 1657.08 
961 1662.92 
962 1668.73 
963 1674.49 
964 1680.21 
965 1685.88 
966 1691.51 
967 1697.07 
968 1702.58 
969 1708.03 
970 1713.41 
971 1718.72 
972 1723.96 
973 1729.12 
974 1734.2 
975 1739.2 
976 1744.12 
977 1748.94 
978 1753.67 
979 1758.29 
980 1762.82 
981 1767.24 
982 1771.55 
983 1775.75 
984 1779.83 
985 1783.79 
986 1787.62 
987 1791.32 
988 1794.89 
989 1798.32 
990 1801.61 
991 1804.75 
992 1807.75 
993 1810.59 
994 1813.27 
995 1815.78 
996 1818.14 
997 1820.32 
998 1822.32 
999 1824.15 
1000 1825.79 
1001 1827.24 
1002 1828.51 
1003 1829.59 
1004 1830.48 
1005 1831.19 
1006 1831.72 
1007 1832.07 
1008 1832.24 
1009 1832.23 
1010 1832.05 
1011 1831.69 
1012 1831.15 
1013 1830.45 
1014 1829.57 
1015 1828.52 
1016 1827.3 
1017 1825.92 
1018 1824.38 
1019 1822.67 
1020 1820.79 
1021 1818.76 
1022 1816.57 
1023 1814.22 
1024 1811.72 
1025 1809.06 
1026 1806.25 
1027 1803.29 
1028 1800.18 
1029 1796.92 
1030 1793.52 
1031 1789.98 
1032 1786.29 
1033 1782.46 
1034 1778.49 
1035 1774.39 
1036 1770.15 
1037 1765.79 
1038 1761.28 
1039 1756.65 
1040 1751.9 
1041 1747.02 
1042 1742.01 
1043 1736.89 
1044 1731.64 
1045 1726.28 
1046 1720.8 
1047 1715.21 
1048 1709.51 
1049 1703.69 
1050 1697.78 
1051 1691.75 
1052 1685.63 
1053 1679.41 
1054 1673.09 
1055 1666.68 
1056 1660.18 
1057 1653.59 
1058 1646.92 
1059 1640.17 
1060 1633.35 
1061 1626.45 
1062 1619.49 
1063 1612.45 
1064 1605.36 
1065 1598.21 
1066 1591 
1067 1583.73 
1068 1576.42 
1069 1569.07 
1070 1561.67 
1071 1554.23 
1072 1546.76 
1073 1539.26 
1074 1531.73 
1075 1524.18 
1076 1516.61 
1077 1509.02 
1078 1501.42 
1079 1493.81 
1080 1486.2 
1081 1478.59 
1082 1470.98 
1083 1463.38 
1084 1455.79 
1085 1448.21 
1086 1440.65 
1087 1433.12 
1088 1425.61 
1089 1418.14 
1090 1410.7 
1091 1403.3 
1092 1395.94 
1093 1388.63 
1094 1381.38 
1095 1374.18 
1096 1367.04 
1097 1359.96 
1098 1352.96 
1099 1346.03 
1100 1339.18 
1101 1332.41 
1102 1325.72 
1103 1319.12 
1104 1312.61 
1105 1306.19 
1106 1299.85 
1107 1293.61 
1108 1287.45 
1109 1281.4 
1110 1275.44 
1111 1269.57 
1112 1263.8 
1113 1258.14 
1114 1252.57 
1115 1247.11 
1116 1241.75 
1117 1236.5 
1118 1231.35 
1119 1226.31 
1120 1221.38 
1121 1216.57 
1122 1211.87 
1123 1207.28 
1124 1202.81 
1125 1198.45 
1126 1194.22 
1127 1190.11 
1128 1186.12 
1129 1182.25 
1130 1178.51 
1131 1174.89 
1132 1171.41 
1133 1168.06 
1134 1164.83 
1135 1161.74 
1136 1158.79 
1137 1155.97 
1138 1153.3 
1139 1150.76 
1140 1148.36 
1141 1146.11 
1142 1144 
1143 1142.04 
1144 1140.23 
1145 1138.57 
1146 1137.06 
1147 1135.7 
1148 1134.5 
1149 1133.46 
1150 1132.57 
1151 1131.85 
1152 1131.28 
1153 1130.87 
1154 1130.62 
1155 1130.51 
1156 1130.56 
1157 1130.75 
1158 1131.09 
1159 1131.58 
1160 1132.2 
1161 1132.96 
1162 1133.86 
1163 1134.9 
1164 1136.06 
1165 1137.36 
1166 1138.78 
1167 1140.33 
1168 1142 
1169 1143.79 
1170 1145.7 
1171 1147.72 
1172 1149.86 
1173 1152.11 
1174 1154.46 
1175 1156.92 
1176 1159.49 
1177 1162.15 
1178 1164.91 
1179 1167.77 
1180 1170.72 
1181 1173.75 
1182 1176.88 
1183 1180.09 
1184 1183.38 
1185 1186.75 
1186 1190.2 
1187 1193.72 
1188 1197.31 
1189 1200.97 
1190 1204.69 
1191 1208.48 
1192 1212.32 
1193 1216.22 
1194 1220.18 
1195 1224.18 
1196 1228.24 
1197 1232.34 
1198 1236.48 
1199 1240.65 
1200 1244.87 
1201 1249.11 
1202 1253.39 
1203 1257.69 
1204 1262.02 
1205 1266.38 
1206 1270.75 
1207 1275.14 
1208 1279.55 
1209 1283.97 
1210 1288.4 
1211 1292.84 
1212 1297.28 
1213 1301.73 
1214 1306.18 
1215 1310.62 
1216 1315.06 
1217 1319.5 
1218 1323.92 
1219 1328.33 
1220 1332.73 
1221 1337.1 
1222 1341.46 
1223 1345.79 
1224 1350.1 
1225 1354.38 
1226 1358.62 
1227 1362.84 
1228 1367.01 
1229 1371.14 
1230 1375.24 
1231 1379.28 
1232 1383.28 
1233 1387.22 
1234 1391.11 
1235 1394.95 
1236 1398.72 
1237 1402.43 
1238 1406.07 
1239 1409.64 
1240 1413.14 
1241 1416.57 
1242 1419.92 
1243 1423.18 
1244 1426.36 
1245 1429.46 
1246 1432.46 
1247 1435.37 
1248 1438.18 
1249 1440.89 
1250 1443.49 
1251 1445.99 
1252 1448.39 
1253 1450.67 
1254 1452.85 
1255 1454.92 
1256 1456.87 
1257 1458.72 
1258 1460.46 
1259 1462.08 
1260 1463.6 
1261 1465 
1262 1466.29 
1263 1467.46 
1264 1468.52 
1265 1469.47 
1266 1470.29 
1267 1471.01 
1268 1471.61 
1269 1472.08 
1270 1472.45 
1271 1472.69 
1272 1472.81 
1273 1472.82 
1274 1472.7 
1275 1472.47 
1276 1472.11 
1277 1471.63 
1278 1471.03 
1279 1470.3 
1280 1469.45 
1281 1468.48 
1282 1467.38 
1283 1466.16 
1284 1464.81 
1285 1463.33 
1286 1461.73 
1287 1459.99 
1288 1458.13 
1289 1456.14 
1290 1454.02 
1291 1451.77 
1292 1449.39 
1293 1446.88 
1294 1444.23 
1295 1441.45 
1296 1438.54 
1297 1435.49 
1298 1432.31 
1299 1429 
1300 1425.54 
1301 1421.96 
1302 1418.23 
1303 1414.38 
1304 1410.39 
1305 1406.28 
1306 1402.04 
1307 1397.67 
1308 1393.19 
1309 1388.58 
1310 1383.86 
1311 1379.03 
1312 1374.08 
1313 1369.02 
1314 1363.85 
1315 1358.58 
1316 1353.2 
1317 1347.73 
1318 1342.16 
1319 1336.48 
1320 1330.72 
1321 1324.87 
1322 1318.92 
1323 1312.89 
1324 1306.78 
1325 1300.59 
1326 1294.31 
1327 1287.96 
1328 1281.54 
1329 1275.04 
1330 1268.48 
1331 1261.85 
1332 1255.16 
1333 1248.41 
1334 1241.6 
1335 1234.73 
1336 1227.81 
1337 1220.84 
1338 1213.83 
1339 1206.77 
1340 1199.66 
1341 1192.52 
1342 1185.34 
1343 1178.13 
1344 1170.89 
1345 1163.62 
1346 1156.32 
1347 1149.01 
1348 1141.67 
1349 1134.32 
1350 1126.95 
1351 1119.58 
1352 1112.19 
1353 1104.8 
1354 1097.4 
1355 1090.01 
1356 1082.61 
1357 1075.21 
1358 1067.82 
1359 1060.43 
1360 1053.05 
1361 1045.68 
1362 1038.33 
1363 1030.98 
1364 1023.66 
1365 1016.35 
1366 1009.06 
1367 1001.8 
1368 994.563 
1369 987.352 
1370 980.172 
1371 973.023 
1372 965.909 
1373 958.83 
1374 951.791 
1375 944.793 
1376 937.838 
1377 930.928 
1378 924.067 
1379 917.255 
1380 910.497 
1381 903.793 
1382 897.146 
1383 890.56 
1384 884.035 
1385 877.575 
1386 871.182 
1387 864.858 
1388 858.606 
1389 852.428 
1390 846.327 
1391 840.306 
1392 834.366 
1393 828.51 
1394 822.741 
1395 817.061 
1396 811.473 
1397 805.979 
1398 800.583 
1399 795.286 
1400 790.091 
1401 785 
1402 780.014 
1403 775.131 
1404 770.353 
1405 765.678 
1406 761.106 
1407 756.638 
1408 752.271 
1409 748.007 
1410 743.845 
1411 739.784 
1412 735.825 
1413 731.966 
1414 728.207 
1415 724.549 
1416 720.991 
1417 717.532 
1418 714.172 
1419 710.91 
1420 707.747 
1421 704.682 
1422 701.714 
1423 698.844 
1424 696.07 
1425 693.393 
1426 690.811 
1427 688.325 
1428 685.934 
1429 683.638 
1430 681.436 
1431 679.328 
1432 677.314 
1433 675.392 
1434 673.563 
1435 671.827 
1436 670.182 
1437 668.628 
1438 667.165 
1439 665.792 
1440 664.51 
1441 663.316 
1442 662.212 
1443 661.196 
1444 660.269 
1445 659.429 
1446 658.676 
1447 658.009 
1448 657.429 
1449 656.934 
1450 656.524 
1451 656.199 
1452 655.957 
1453 655.797 
1454 655.717 
1455 655.715 
1456 655.791 
1457 655.943 
1458 656.169 
1459 656.468 
1460 656.838 
1461 657.278 
1462 657.786 
1463 658.36 
1464 659 
1465 659.703 
1466 660.468 
1467 661.293 
1468 662.177 
1469 663.118 
1470 664.115 
1471 665.166 
1472 666.269 
1473 667.422 
1474 668.624 
1475 669.874 
1476 671.169 
1477 672.508 
1478 673.889 
1479 675.311 
1480 676.771 
1481 678.269 
1482 679.802 
1483 681.368 
1484 682.966 
1485 684.595 
1486 686.251 
1487 687.934 
1488 689.642 
1489 691.373 
1490 693.124 
1491 694.895 
1492 696.683 
1493 698.487 
1494 700.305 
1495 702.134 
1496 703.973 
1497 705.821 
1498 707.674 
1499 709.532 
1500 711.392 
1501 713.253 
1502 715.113 
1503 716.97 
1504 718.824 
1505 720.674 
1506 722.517 
1507 724.352 
1508 726.179 
1509 727.996 
1510 729.802 
1511 731.594 
1512 733.373 
1513 735.136 
1514 736.882 
1515 738.61 
1516 740.318 
1517 742.005 
1518 743.67 
1519 745.311 
1520 746.926 
1521 748.515 
1522 750.076 
1523 751.607 
1524 753.107 
1525 754.575 
1526 756.009 
1527 757.407 
1528 758.769 
1529 760.092 
1530 761.376 
1531 762.618 
1532 763.818 
1533 764.973 
1534 766.082 
1535 767.144 
1536 768.157 
1537 769.12 
1538 770.031 
1539 770.888 
1540 771.69 
1541 772.436 
1542 773.124 
1543 773.751 
1544 774.318 
1545 774.821 
1546 775.26 
1547 775.633 
1548 775.938 
1549 776.173 
1550 776.338 
1551 776.43 
1552 776.451 
1553 776.399 
1554 776.277 
1555 776.083 
1556 775.82 
1557 775.488 
1558 775.086 
1559 774.616 
1560 774.078 
1561 773.473 
1562 772.801 
1563 772.062 
1564 771.258 
1565 770.389 
1566 769.456 
1567 768.458 
1568 767.397 
1569 766.273 
1570 765.087 
1571 763.84 
1572 762.531 
1573 761.162 
1574 759.733 
1575 758.245 
1576 756.698 
1577 755.093 
1578 753.431 
1579 751.712 
1580 749.936 
1581 748.105 
1582 746.22 
1583 744.279 
1584 742.286 
1585 740.239 
1586 738.14 
1587 735.989 
1588 733.787 
1589 731.535 
1590 729.233 
1591 726.881 
1592 724.482 
1593 722.035 
1594 719.54 
1595 716.999 
1596 714.413 
1597 711.781 
1598 709.106 
1599 706.386 
1600 703.624 
1601 700.82 
1602 697.974 
1603 695.09 
1604 692.167 
1605 689.208 
1606 686.213 
1607 683.185 
1608 680.124 
1609 677.033 
1610 673.912 
1611 670.763 
1612 667.587 
1613 664.386 
1614 661.162 
1615 657.916 
1616 654.649 
1617 651.362 
1618 648.059 
1619 644.739 
1620 641.404 
1621 638.057 
1622 634.698 
1623 631.329 
1624 627.951 
1625 624.567 
1626 621.178 
1627 617.784 
1628 614.389 
1629 610.993 
1630 607.598 
1631 604.206 
1632 600.818 
1633 597.436 
1634 594.061 
1635 590.696 
1636 587.341 
1637 583.999 
1638 580.671 
1639 577.359 
1640 574.065 
1641 570.789 
1642 567.535 
1643 564.303 
1644 561.095 
1645 557.913 
1646 554.759 
1647 551.634 
1648 548.541 
1649 545.48 
1650 542.454 
1651 539.465 
1652 536.512 
1653 533.596 
1654 530.717 
1655 527.875 
1656 525.072 
1657 522.306 
1658 519.578 
1659 516.889 
1660 514.239 
1661 511.627 
1662 509.055 
1663 506.522 
1664 504.028 
1665 501.575 
1666 499.162 
1667 496.789 
1668 494.457 
1669 492.166 
1670 489.916 
1671 487.708 
1672 485.541 
1673 483.416 
1674 481.334 
1675 479.294 
1676 477.297 
1677 475.342 
1678 473.431 
1679 471.564 
1680 469.74 
1681 467.961 
1682 466.226 
1683 464.535 
1684 462.889 
1685 461.288 
1686 459.733 
1687 458.223 
1688 456.76 
1689 455.342 
1690 453.971 
1691 452.647 
1692 451.37 
1693 450.139 
1694 448.957 
1695 447.822 
1696 446.736 
1697 445.697 
1698 444.708 
1699 443.767 
1700 442.875 
1701 442.033 
1702 441.24 
1703 440.495 
1704 439.797 
1705 439.147 
1706 438.544 
1707 437.987 
1708 437.475 
1709 437.008 
1710 436.585 
1711 436.206 
1712 435.87 
1713 435.577 
1714 435.326 
1715 435.116 
1716 434.946 
1717 434.817 
1718 434.727 
1719 434.677 
1720 434.664 
1721 434.689 
1722 434.752 
1723 434.85 
1724 434.985 
1725 435.154 
1726 435.358 
1727 435.596 
1728 435.867 
1729 436.171 
1730 436.506 
1731 436.873 
1732 437.271 
1733 437.698 
1734 438.154 
1735 438.64 
1736 439.153 
1737 439.693 
1738 440.26 
1739 440.853 
1740 441.471 
1741 442.114 
1742 442.78 
1743 443.469 
1744 444.181 
1745 444.915 
1746 445.67 
1747 446.445 
1748 447.239 
1749 448.052 
1750 448.884 
1751 449.733 
1752 450.599 
1753 451.48 
1754 452.377 
1755 453.288 
1756 454.213 
1757 455.151 
1758 456.101 
1759 457.062 
1760 458.034 
1761 459.016 
1762 460.007 
1763 461.007 
1764 462.014 
1765 463.027 
1766 464.047 
1767 465.072 
1768 466.101 
1769 467.134 
1770 468.169 
1771 469.206 
1772 470.245 
1773 471.284 
1774 472.322 
1775 473.359 
1776 474.394 
1777 475.426 
1778 476.455 
1779 477.478 
1780 478.496 
1781 479.508 
1782 480.513 
1783 481.509 
1784 482.497 
1785 483.475 
1786 484.442 
1787 485.398 
1788 486.342 
1789 487.272 
1790 488.188 
1791 489.089 
1792 489.975 
1793 490.843 
1794 491.694 
1795 492.527 
1796 493.34 
1797 494.133 
1798 494.904 
1799 495.653 
1800 496.379 
1801 497.082 
1802 497.76 
1803 498.413 
1804 499.041 
1805 499.643 
1806 500.22 
1807 500.77 
1808 501.294 
1809 501.79 
1810 502.26 
1811 502.701 
1812 503.114 
1813 503.499 
1814 503.854 
1815 504.18 
1816 504.477 
1817 504.743 
1818 504.979 
1819 505.183 
1820 505.357 
1821 505.498 
1822 505.608 
1823 505.684 
1824 505.728 
1825 505.738 
1826 505.715 
1827 505.657 
1828 505.565 
1829 505.438 
1830 505.275 
1831 505.077 
1832 504.842 
1833 504.57 
1834 504.261 
1835 503.915 
1836 503.531 
1837 503.108 
1838 502.646 
1839 502.146 
1840 501.605 
1841 501.025 
1842 500.404 
1843 499.742 
1844 499.038 
1845 498.293 
1846 497.505 
1847 496.675 
1848 495.801 
1849 494.884 
1850 493.923 
1851 492.917 
1852 491.868 
1853 490.775 
1854 489.639 
1855 488.461 
1856 487.241 
1857 485.98 
1858 484.678 
1859 483.336 
1860 481.955 
1861 480.534 
1862 479.076 
1863 477.579 
1864 476.045 
1865 474.474 
1866 472.868 
1867 471.226 
1868 469.548 
1869 467.837 
1870 466.092 
1871 464.313 
1872 462.502 
1873 460.659 
1874 458.785 
1875 456.88 
1876 454.945 
1877 452.98 
1878 450.986 
1879 448.964 
1880 446.915 
1881 444.838 
1882 442.735 
1883 440.606 
1884 438.452 
1885 436.273 
1886 434.071 
1887 431.845 
1888 429.596 
1889 427.326 
1890 425.034 
1891 422.722 
1892 420.389 
1893 418.037 
1894 415.667 
1895 413.278 
1896 410.872 
1897 408.45 
1898 406.011 
1899 403.557 
1900 401.088 
1901 398.606 
1902 396.11 
1903 393.602 
1904 391.084 
1905 388.555 
1906 386.018 
1907 383.473 
1908 380.921 
1909 378.364 
1910 375.802 
1911 373.236 
1912 370.667 
1913 368.098 
1914 365.527 
1915 362.958 
1916 360.39 
1917 357.825 
1918 355.264 
1919 352.708 
1920 350.158 
1921 347.616 
1922 345.082 
1923 342.557 
1924 340.043 
1925 337.54 
1926 335.05 
1927 332.575 
1928 330.114 
1929 327.669 
1930 325.242 
1931 322.834 
1932 320.445 
1933 318.077 
1934 315.731 
1935 313.408 
1936 311.11 
1937 308.837 
1938 306.59 
1939 304.372 
1940 302.182 
1941 300.023 
1942 297.896 
1943 295.801 
1944 293.74 
1945 291.714 
1946 289.724 
1947 287.772 
1948 285.858 
1949 283.985 
1950 282.153 
1951 280.362 
1952 278.614 
1953 276.907 
1954 275.239 
1955 273.611 
1956 272.021 
1957 270.469 
1958 268.954 
1959 267.475 
1960 266.031 
1961 264.621 
1962 263.245 
1963 261.901 
1964 260.59 
1965 259.309 
1966 258.059 
1967 256.837 
1968 255.645 
1969 254.48 
1970 253.341 
1971 252.229 
1972 251.142 
1973 250.078 
1974 249.038 
1975 248.021 
1976 247.024 
1977 246.049 
1978 245.093 
1979 244.156 
1980 243.237 
1981 242.335 
1982 241.449 
1983 240.578 
1984 239.722 
1985 238.878 
1986 238.048 
1987 237.229 
1988 236.42 
1989 235.621 
1990 234.831 
1991 234.048 
1992 233.273 
1993 232.503 
1994 231.738 
1995 230.978 
1996 230.22 
1997 229.464 
1998 228.709 
1999 227.955 
2000 227.199 
