#          chi2            h           OmegaM           OmegaK               Acceptrate
   1.79769e+308          1.4573     -0.00952574        0.631336 
   1.79769e+308         1.45557      -0.0213351        0.630824 
   1.79769e+308         1.44852      -0.0198293        0.613703 
        60029.4         1.45372       0.0166058        0.585573 
        60029.4         1.45356       0.0805813        0.590931 
        60029.4         1.44321        0.059925        0.608625 
        60029.4         1.42967       0.0337962        0.613945 
        60029.4         1.42766       0.0768784        0.543361 
        60029.4         1.42772       0.0201384        0.551298 
        60029.4         1.42633       0.0873639        0.553807 
        60029.4         1.42374       0.0824555        0.465262 
        60029.4          1.4181         0.11161        0.526983 
        60029.4         1.42085        0.166381         0.52457 
        60029.4           1.409        0.204515        0.543098 
        60029.4         1.41085        0.142404        0.545506 
        60029.4         1.41173       0.0936271         0.49327 
        60029.4         1.40172       0.0622927        0.513271 
        60029.4         1.40237       0.0792378        0.465942 
        60029.4         1.39759        0.159809        0.391331 
        60029.4         1.38825        0.243083         0.35769 
        60029.4         1.39326        0.278221        0.338388 
        60029.4         1.39474        0.335239        0.310013 
        60029.4         1.39227          0.2787        0.281208 
        60029.4         1.38804        0.271772        0.355907 
        60029.4         1.38213        0.198628        0.312634 
        60029.4         1.38817        0.176356        0.404646 
        60029.4         1.38451        0.133798        0.386813 
        60029.4         1.37841        0.180212        0.460399 
        60029.4         1.37551        0.189591         0.45979 
        60029.4         1.37029        0.287597        0.550119 
        60029.4          1.3683        0.236034        0.499058 
        60029.4         1.36802        0.240092        0.440208 
        60029.4         1.36209        0.236184        0.438479 
        60029.4          1.3628        0.279066        0.359054 
        60029.4         1.36611        0.418468        0.383912 
        60029.4         1.36741        0.401126        0.448872 
        60029.4         1.36432         0.37926        0.469881 
        60029.4         1.36332        0.313846        0.474026 
        60029.4         1.35801        0.353109        0.433982 
        60029.4         1.36071        0.278717        0.471962 
        60029.4         1.37078        0.288405        0.433017 
        60029.4         1.36054        0.272424         0.41538 
        60029.4         1.35847        0.255247        0.432342 
        60029.4         1.34968        0.286749        0.442788 
        60029.4         1.35119        0.344839        0.444336 
        60029.4         1.34617        0.389213        0.437895 
        60029.4         1.34577        0.360493        0.458758 
        60029.4         1.33559        0.343648        0.446651 
        60029.4         1.33576        0.388649        0.435762 
        60029.4         1.33512        0.419874        0.414611 
        60029.4         1.32552          0.3504        0.413261 
        60029.4         1.33359        0.470534        0.487957 
        60029.4         1.32914        0.504536        0.468595 
        60029.4         1.33631         0.56686        0.347402 
        60029.4         1.33911        0.570773         0.37223 
        60029.4         1.33848         0.54554         0.40084 
        60029.4         1.34719        0.637218         0.34751 
        60029.4         1.34637        0.647991        0.321695 
        60029.4         1.34821        0.677517        0.397884 
        60029.4         1.34075          0.6444        0.284915 
        60029.4         1.34202        0.718588        0.258287 
        60029.4         1.34082        0.744731        0.374151 
        60029.4         1.33004        0.690036        0.300502 
        60029.4         1.32982        0.715142        0.344762 
        60029.4         1.32958        0.791121        0.385835 
        60029.4         1.33272        0.759424        0.416147 
        60029.4         1.32529        0.815063        0.468071 
        60029.4         1.31665        0.819945        0.492409 
        60029.4         1.32023         0.85505        0.432879 
        60029.4         1.31335        0.841939        0.376252 
        60029.4          1.3083        0.815716        0.364304 
        60029.4         1.30679        0.808484        0.333298 
        60029.4          1.3043        0.855578        0.334124 
        60029.4         1.31875         0.92657        0.307717 
        60029.4         1.31329        0.974718        0.233713 
        60029.4         1.30521        0.955069        0.206201 
        60029.4         1.30793        0.969349        0.286728 
        60029.4         1.30211        0.970148         0.33098 
        60029.4         1.28834         0.99961         0.30562 
        60029.4         1.29822        0.955658        0.259225 
        60029.4         1.30455        0.900748        0.239702 
        60029.4         1.31425        0.859516        0.274511 
        60029.4         1.31272        0.990156        0.274244 
        60029.4         1.30195        0.912073        0.225653 
        60029.4         1.30072        0.861563        0.209333 
        60029.4         1.30214        0.780519        0.218569 
        60029.4         1.28852        0.701158        0.262685 
        60029.4         1.29021        0.678752        0.237473 
        60029.4         1.28557        0.675739          0.2912 
        60029.4         1.28976        0.683935        0.246289 
        60029.4         1.29445        0.651727        0.243178 
        60029.4         1.29825        0.682832        0.319696 
        60029.4          1.3019        0.687678        0.332872 
        60029.4         1.29274        0.685643        0.316439 
        60029.4         1.30538        0.671705        0.283781 
        60029.4         1.29579        0.654273        0.126512 
        60029.4         1.30018          0.7284        0.150248 
        60029.4         1.30713        0.668684        0.123399 
        60029.4          1.3137        0.711036       0.0675172 
        60029.4         1.30189        0.777711        0.134879 
        60029.4         1.31059        0.799232        0.184243 
        60029.4         1.30757        0.771537        0.193701 
        60029.4         1.31232        0.875866         0.12736 
        60029.4         1.30691        0.931432        0.202355 
        60029.4         1.30302        0.905855        0.217901 
        60029.4         1.30336        0.902306        0.179305 
        60029.4         1.31139        0.858125        0.193335 
        60029.4         1.30387        0.845006       0.0946041 
        60029.4         1.31623        0.817275       0.0508509 
        14836.3         1.30889        0.807128      -0.0338687 
        14055.1         1.30563        0.809458      -0.0830295 
        12928.2         1.30542        0.783308       -0.148274 
        12483.6         1.30344        0.824653       -0.184621 
        12438.2         1.31381        0.774015       -0.187264 
        12084.1         1.31702        0.795195       -0.218474 
        11617.6           1.329        0.707229       -0.235196 
        9973.96         1.33559        0.679932       -0.322222 
         9238.3         1.33133         0.74815       -0.373941 
        8098.72         1.33787        0.688533       -0.417405 
        6652.41         1.34751        0.647121       -0.478044 
        5638.33         1.34662        0.654666       -0.522438 
        4905.36         1.33992        0.604927       -0.532825 
         2268.2         1.34353         0.57217        -0.63518 
        2265.78         1.35163        0.558101       -0.635345 
        1121.79         1.35413        0.483305       -0.664337 
         233.98         1.35724        0.438723        -0.71752 
        220.595         1.35676        0.338776       -0.676288 
         164.27         1.34403        0.373952       -0.699456 
        159.242         1.32667        0.343998       -0.677695 
         159.12         1.33199        0.349847       -0.685432 
        160.606         1.32564        0.384338       -0.690072 
         163.98         1.33851         0.37653       -0.700738 
         157.53         1.33385        0.369359       -0.694494 
        159.781         1.32843        0.388923       -0.699618 
        157.528          1.3159        0.394499       -0.691283 
        151.074         1.32338        0.373765       -0.691445 
        147.144         1.31461        0.375439       -0.689864 
        140.396         1.30346        0.376292       -0.684811 
        141.602         1.29234         0.34285        -0.67154 
        129.744         1.28505        0.362251       -0.668027 
        129.817         1.27586        0.383672       -0.677033 
        124.252         1.26707        0.365225        -0.65918 
        126.727          1.2704        0.352336       -0.655446 
        126.371         1.27224        0.338386        -0.65693 
        126.995         1.26616        0.388968       -0.671767 
        127.248         1.26686        0.331334       -0.649855 
        123.073         1.27067        0.348242       -0.657156 
        125.703         1.26324        0.365599       -0.669282 
         124.09         1.24791        0.369659       -0.648749 
         122.66         1.25121        0.381131       -0.657042 
        119.111         1.25159        0.378621        -0.65791 
        117.962         1.25598        0.337501       -0.648398 
        114.684         1.24922        0.339143       -0.644319 
        115.446         1.24644        0.380786       -0.658363 
        123.344         1.25221        0.385543       -0.659967 
         124.08         1.25471        0.358212        -0.66389 
        117.714          1.2573        0.365207       -0.656032 
        118.144         1.25147        0.367956       -0.663818 
        109.822          1.2311        0.330409       -0.632107 
        103.884         1.22212        0.332533        -0.63008 
        101.477         1.22155         0.34368       -0.638149 
        100.787         1.22274        0.355592       -0.637575 
        101.277         1.22573        0.350256       -0.638326 
        101.161          1.2231        0.367676        -0.64496 
        104.078         1.22491        0.362035       -0.639288 
        102.948         1.22248        0.355951       -0.635655 
        105.168         1.21184        0.384824       -0.648924 
        99.9053         1.20585        0.379512       -0.643285 
        99.5221         1.19663        0.379168       -0.630238 
        89.3864         1.19527        0.350398       -0.623945 
         88.601         1.18635        0.340855       -0.619411 
        90.2286         1.18358        0.360924       -0.627507 
        86.9493         1.18303        0.337929       -0.615098 
        87.4472         1.17369        0.365888       -0.613474 
          84.46         1.16874        0.371524       -0.616057 
        83.0691          1.1614        0.373887       -0.615951 
        85.1062         1.17382        0.364853       -0.621292 
        83.0035         1.17054        0.357694       -0.610653 
        84.7973         1.17043        0.370677       -0.616505 
        87.3651         1.16624        0.341717       -0.612658 
        86.7362         1.18061        0.345387         -0.6109 
        82.3961         1.17253        0.356125       -0.615914 
        84.9857         1.16165        0.364669        -0.60521 
        79.7296         1.16017        0.355325       -0.603812 
        78.2209         1.14705        0.336932       -0.597536 
        76.6115         1.14791        0.331282       -0.592003 
        75.4487         1.14948        0.353889       -0.598935 
        71.2575          1.1336        0.354638       -0.592176 
         76.449         1.12955        0.372693       -0.590351 
        75.1741         1.13765        0.366465       -0.594959 
        75.3668         1.13537        0.341933       -0.581532 
        73.3678         1.14126        0.343297       -0.593711 
        74.1175         1.14439        0.339365       -0.590908 
         74.845         1.14843        0.342931       -0.595156 
        75.8789         1.14571         0.36176       -0.598731 
        75.1868         1.13886        0.345255       -0.595823 
        74.6658          1.1259        0.348915         -0.5769 
        69.9979         1.12478        0.353662       -0.588319 
        67.2315         1.11043        0.355311        -0.57271 
         71.337         1.11681        0.318676       -0.565563 
        67.5079         1.11644         0.34504       -0.579823 
        69.5565         1.11355        0.361864       -0.576521 
         73.531         1.11805        0.315479       -0.568947 
        68.1151         1.11589         0.32827       -0.569422 
        65.3738          1.1068        0.348198        -0.57473 
        64.5272         1.10735        0.338383       -0.567496 
        68.9882         1.10982        0.341464       -0.564841 
        70.6394         1.10544        0.313052        -0.55934 
        66.9373          1.0985         0.32876       -0.564231 
        68.0043         1.09628        0.350905       -0.572772 
         66.253         1.09694        0.343517        -0.55666 
        62.8324         1.09316        0.348547       -0.558542 
        65.0834         1.10073        0.327412       -0.557171 
        63.7714          1.1049        0.346857       -0.570173 
        69.5039         1.09623        0.336028       -0.551342 
        68.3696         1.09833          0.3655       -0.566321 
        68.0224          1.0963        0.355359       -0.559742 
        63.9465         1.09592        0.325522       -0.557347 
        60.1583         1.07808        0.338786       -0.552747 
        58.3145         1.07261        0.326054       -0.539988 
        56.9087         1.05856         0.31895       -0.527301 
        54.3908         1.04399        0.319058        -0.51743 
        54.1582         1.04035        0.339463        -0.52548 
        54.4477         1.04557        0.354176       -0.525658 
        51.6397         1.03971        0.341436       -0.522032 
        53.4699         1.05179         0.33748       -0.526429 
        55.8959         1.05561        0.358395        -0.53995 
        52.8198         1.04771        0.345793       -0.528571 
        53.4329          1.0393        0.333324       -0.521687 
        52.9752         1.04219        0.325534        -0.51852 
        51.0061         1.03211        0.348392       -0.518458 
        49.1499         1.02464        0.332851       -0.505974 
        52.1625         1.01646         0.34536       -0.509146 
        47.4389         1.00964        0.344667       -0.493895 
        48.6553        0.989212        0.322581       -0.461494 
         44.264        0.989416        0.329973       -0.471173 
        45.5723        0.986691        0.342643       -0.469688 
        45.8306        0.991612        0.351713       -0.481795 
        50.4702        0.993037        0.327276       -0.465388 
        45.3522        0.991833        0.331998       -0.478684 
        46.5653        0.989146        0.353775       -0.477202 
        46.9322        0.991898        0.319763       -0.465763 
        47.2921        0.999067        0.317408       -0.473272 
        46.3068         1.00194        0.337067       -0.483478 
        46.5801        0.999488        0.320392       -0.479967 
        45.7307        0.981234        0.356911       -0.475357 
         43.437        0.956363        0.356687       -0.451092 
        43.8559        0.961518        0.304006       -0.433805 
        40.4846        0.949677        0.341806       -0.436282 
        39.9622        0.949573        0.325132       -0.431796 
        41.4843        0.958206        0.315396       -0.436339 
        40.7986        0.952749        0.315985       -0.430684 
        41.2612        0.951068        0.315227       -0.431747 
        41.6896        0.954176        0.310239       -0.430579 
        43.3939        0.952844        0.358528       -0.444236 
        40.7758        0.958763        0.331942       -0.443094 
        44.5487        0.950547        0.344855       -0.446613 
        45.1583        0.945561         0.29784       -0.422345 
        39.6142         0.94041        0.340599        -0.42723 
        39.4411        0.930394        0.328311       -0.405949 
        39.5468         0.93154        0.313317       -0.410343 
         38.362        0.929227        0.325723       -0.411165 
        36.8398        0.912139        0.327915       -0.387902 
        37.6517        0.912742        0.330427       -0.395208 
        36.8174        0.911425        0.317983       -0.383751 
        36.7208        0.910068        0.327527       -0.385046 
        36.8991        0.914154        0.329167       -0.392958 
        47.1962         0.90869        0.313386       -0.394415 
        40.5399         0.91052        0.354192       -0.391679 
        40.4442         0.91192        0.359566       -0.399361 
        38.1618        0.915736        0.343652       -0.397953 
         37.661        0.917749        0.329531        -0.39364 
        37.0977        0.915363        0.322724        -0.38963 
        37.4018        0.919929        0.329228       -0.400527 
        39.3367        0.927785        0.342476       -0.409703 
        38.6125        0.915405        0.307894       -0.382172 
        37.5176        0.915201        0.330394       -0.390874 
        38.7469        0.916133        0.323991       -0.398762 
        39.1522         0.91058        0.340971       -0.386333 
        40.8759        0.916357        0.359881       -0.407204 
        38.7355        0.919813        0.344456       -0.406879 
        45.7089        0.912616         0.34834       -0.409125 
        38.5613        0.919151        0.326205       -0.402333 
         37.491        0.922262        0.323115       -0.399037 
        38.6073        0.925962        0.341392       -0.411721 
        38.2916        0.932021        0.325354       -0.412401 
        37.1093        0.917891        0.326527       -0.395874 
        37.0453        0.914036        0.332645       -0.392739 
        37.5063        0.909579        0.310198       -0.377035 
        37.4367        0.912999        0.319761       -0.391215 
        37.7986        0.910205        0.307594       -0.376883 
         38.558        0.901523        0.349115       -0.380294 
        36.4642        0.901033        0.337064       -0.379204 
        39.4555        0.896545        0.290141       -0.360412 
        39.0972        0.898163        0.303075       -0.370301 
        39.4189         0.89765        0.343258       -0.369731 
        38.1555        0.897544        0.351079       -0.381585 
        36.4013        0.898786        0.319518       -0.373953 
        40.9263        0.897396        0.329987       -0.361556 
         41.206        0.901467        0.351523       -0.376835 
        35.6742        0.898261         0.32398       -0.371063 
        37.0467        0.903098        0.337567        -0.38489 
        37.1435        0.908614        0.309847        -0.37709 
        36.2439        0.902038         0.32243       -0.372708 
        40.8216        0.904658        0.324966       -0.389155 
        38.3807        0.912281         0.30285       -0.378406 
        41.0812        0.914264        0.333544        -0.40289 
          44.61        0.924999        0.302345       -0.404837 
        44.5709        0.923562        0.346617       -0.399062 
        42.0539        0.926325        0.301794       -0.402964 
        42.7789        0.917429        0.306563       -0.378426 
        38.3037        0.924699        0.328896       -0.408064 
        38.8075        0.918296        0.345758       -0.400627 
        39.9946        0.930225        0.347476       -0.420304 
         40.112        0.932474         0.32462       -0.406122 
        41.1886         0.94499        0.307231       -0.417582 
        41.7347        0.936925        0.344161       -0.417633 
        38.6156        0.928727        0.317035       -0.402375 
        39.0772        0.919277        0.320158       -0.389266 
         40.194        0.919705        0.354286       -0.405276 
        41.5435        0.923094         0.35879       -0.416446 
        40.0283        0.930611        0.350378       -0.419529 
        42.4523        0.918632        0.355066       -0.399672 
        42.0564        0.914138        0.315119       -0.377254 
        37.6906        0.920133         0.32234       -0.399715 
        37.6116        0.919407        0.336099       -0.400745 
        39.3142        0.921365        0.329266        -0.40689 
        41.6618        0.938374        0.307898       -0.407108 
        45.9952        0.928305        0.293884       -0.386629 
        49.0414        0.931218        0.273131       -0.388381 
        43.5267        0.942423        0.294186       -0.410083 
        41.5729        0.944279        0.349401       -0.437027 
        42.7162        0.948452         0.31016       -0.418554 
        39.6857        0.935605        0.328857       -0.412427 
        38.3463        0.926642        0.324844       -0.408566 
        38.0719        0.923606        0.315349       -0.396695 
         40.864        0.931515        0.351585          -0.417 
        41.1602        0.943604        0.311527       -0.423215 
         39.599        0.939021        0.313202       -0.415016 
        40.4378        0.939457        0.318428       -0.422027 
        39.6867        0.937804          0.3361       -0.425369 
        40.1381        0.936259        0.347753       -0.423066 
        37.4169         0.91748        0.326853       -0.392942 
        40.5832        0.919176        0.298805       -0.391644 
        37.7444         0.91122        0.343476        -0.39403 
         38.605        0.907097        0.309614       -0.370872 
        38.8344         0.90868        0.306265       -0.382895 
        37.3915        0.909556        0.337855       -0.387391 
         37.236        0.908907        0.309014       -0.377198 
        38.1973        0.920022        0.321436        -0.40064 
         37.069        0.901499        0.316216       -0.377028 
        37.3119        0.913989        0.336394       -0.395887 
        37.2971        0.917424        0.330048       -0.398274 
        37.7991        0.913476        0.312034       -0.388673 
        37.4068        0.911752        0.325531       -0.384287 
        36.5512        0.909382        0.327162       -0.387079 
        37.9277        0.919531        0.339705       -0.403108 
        40.1515        0.928216        0.350239       -0.413616 
        38.7965        0.932811        0.337407       -0.418134 
        38.9035        0.937348        0.321284       -0.415104 
        42.4888        0.938986        0.343529       -0.418793 
        44.4635        0.938121        0.341688       -0.414694 
        42.5258        0.938655        0.330084       -0.412554 
        40.6869        0.951347        0.315571       -0.428864 
        42.0124        0.942532        0.348905       -0.426775 
        38.9927        0.934261        0.325153       -0.417195 
        38.8391        0.933447        0.333207       -0.418495 
        39.4965        0.920488        0.338174        -0.39735 
        37.7054        0.916387        0.333438       -0.399628 
        36.2823        0.899543        0.329004       -0.371598 
        36.5344        0.889591        0.343703       -0.367811 
        36.2375        0.877809        0.323131       -0.350765 
        34.4009         0.87736        0.321306        -0.34193 
        34.8656        0.877829        0.306225        -0.33796 
        40.4061        0.877612        0.286998       -0.339003 
        36.0015        0.885176        0.312242       -0.354824 
         37.825        0.894722        0.301739       -0.363539 
        36.7294        0.891995        0.319634       -0.367268 
        36.0828        0.883123         0.30072       -0.340599 
        35.8543        0.890572        0.333958       -0.362563 
        36.8132         0.89553        0.303641       -0.362865 
        37.5419         0.89708        0.337631       -0.369235 
         37.835        0.906283        0.324655       -0.386994 
        39.6382        0.905587        0.293231       -0.365446 
        37.9395        0.909427        0.345131       -0.393808 
        37.3082        0.916555         0.31817       -0.389443 
        37.2947        0.914492        0.335939       -0.396146 
        37.3966        0.911953        0.324691       -0.384281 
        37.6694        0.914955        0.333197       -0.398097 
        37.3284        0.905382        0.323962       -0.384817 
        37.3035         0.90712        0.327893       -0.379036 
        42.2615        0.906206        0.280485       -0.364461 
        43.2446        0.910608        0.298242       -0.386231 
        42.3232        0.902646        0.357598       -0.395973 
        39.6908        0.901199        0.344149       -0.389058 
        42.1399        0.892785        0.370732       -0.377836 
        42.8423        0.889055        0.347379       -0.355982 
        36.1659        0.891265        0.335209       -0.369275 
        35.9536        0.895802        0.319365       -0.363321 
        38.6849        0.895278         0.33335       -0.362782 
        40.4932        0.894011        0.339614       -0.380721 
        37.7164        0.891277        0.347554       -0.366846 
        36.9078         0.89768         0.32028       -0.374245 
        36.8967        0.897695        0.320404       -0.363928 
        36.8293        0.903248        0.323557       -0.373044 
        36.6954        0.896036        0.302363       -0.360227 
        40.3072        0.891481        0.295982       -0.360466 
        38.5536         0.89653        0.291585       -0.358614 
        38.6573        0.882277        0.283354       -0.336485 
        35.5372        0.873922        0.296664       -0.329906 
         35.899        0.865084        0.295264       -0.311915 
        34.5975        0.870227        0.318967       -0.336443 
         35.934        0.859152        0.285491       -0.304219 
        34.6975        0.873693          0.3324       -0.340499 
        34.0565        0.871729        0.319058       -0.333599 
        36.6892        0.870888        0.329106       -0.344544 
        35.7839        0.881247        0.304496       -0.345572 
        42.2946        0.882836        0.286443        -0.32746 
        40.0725        0.884778        0.342069       -0.350522 
        42.2435        0.885791        0.372839       -0.373953 
        45.4699         0.88684        0.378382       -0.381373 
        41.1079        0.884782        0.355969       -0.356663 
        39.2719        0.881452        0.322913       -0.338579 
        41.5588        0.884227        0.283382       -0.345853 
        41.1326        0.888289        0.290478       -0.354585 
        41.3048        0.889643        0.276942       -0.344753 
        39.3813        0.899765        0.305983       -0.358743 
        37.9792        0.907043        0.346794       -0.388763 
        37.7094        0.920761        0.333969       -0.400249 
        40.4052        0.924603         0.33094       -0.412311 
        39.9163        0.922063        0.341527       -0.400374 
        40.9047        0.923341        0.335427       -0.412947 
         40.133         0.90491         0.32688       -0.389359 
        41.5479        0.916268          0.2975       -0.389612 
        40.7165        0.913328         0.32271        -0.38012 
        42.7849        0.907593        0.335467        -0.39768 
        48.3624        0.906054        0.336632       -0.369475 
        41.2132        0.904077        0.284391         -0.3611 
        38.6307        0.904742        0.351867       -0.390358 
        38.2038         0.91458         0.34156       -0.394267 
        36.9739        0.912919        0.317594       -0.385261 
        37.9992        0.917813        0.308407       -0.388789 
        39.0704        0.913285        0.300636          -0.384 
        37.3878        0.921475        0.324886       -0.399717 
        41.0668        0.914857        0.356438       -0.407355 
        45.0068         0.90736         0.37785       -0.402996 
        49.9593        0.898333         0.30102        -0.37899 
        40.6104        0.892465        0.304052       -0.366221 
         37.647        0.899937        0.304109       -0.370096 
        41.0991        0.908979        0.316541       -0.371962 
        43.1614        0.908505        0.371079       -0.397749 
        40.3956        0.898365        0.312999       -0.376898 
         37.536        0.899369         0.32673       -0.367386 
        38.3295        0.903674        0.296612       -0.368994 
        39.6196        0.894803        0.296273       -0.363399 
        38.6663         0.89642        0.354349       -0.381377 
        40.4137        0.892665        0.290586       -0.358571 
        37.0706        0.893662        0.333379       -0.363252 
        38.8662        0.888331        0.343014       -0.372561 
        38.1995        0.898306        0.348853       -0.376571 
        37.3096        0.907026        0.341678       -0.387389 
        38.1514        0.910296         0.33704       -0.395254 
        38.2275        0.916645        0.340623       -0.402303 
        38.4081         0.91034        0.300542       -0.375866 
        37.9887        0.906251        0.304908       -0.377758 
        43.4533        0.913589        0.288169       -0.369698 
        40.8858         0.91102        0.289049       -0.371465 
        39.1364        0.908222        0.294521       -0.371932 
        44.0636        0.919892        0.361681       -0.417583 
        40.2252        0.917675        0.331562       -0.404995 
        39.7164        0.921766        0.310373       -0.399913 
        39.0287        0.914638        0.342441       -0.402457 
        40.0286        0.919941        0.349557       -0.402168 
         42.373        0.924362         0.28886       -0.389751 
        41.4442        0.910203        0.346447       -0.385346 
        43.7681        0.906073        0.307611       -0.386427 
        44.5096        0.904072        0.311224       -0.386363 
        41.9931         0.89841        0.288428       -0.350505 
         44.815         0.90389        0.302422       -0.357641 
        36.9348        0.898839        0.331495       -0.379087 
        37.2229        0.907504        0.326605       -0.379234 
         38.074        0.914998        0.328806       -0.397992 
        38.3789        0.916066        0.325406       -0.398566 
        38.3534        0.911758        0.322877       -0.381376 
        39.7747        0.901899         0.30181       -0.374673 
         39.519        0.896208        0.286272       -0.354847 
        37.7834        0.896104        0.323623       -0.361268 
         38.543        0.901143        0.313046       -0.377788 
        44.8237        0.901673        0.379251       -0.393981 
        37.6087        0.900523        0.343942       -0.384105 
        36.0852        0.892064        0.333562       -0.369696 
        36.7542        0.903371        0.335638       -0.383941 
        36.3173        0.905384        0.326435       -0.379249 
        36.0302        0.893946        0.329745        -0.37092 
        37.0409        0.895569        0.342244       -0.371288 
        38.2569        0.888268        0.330494       -0.368785 
        37.4838        0.893742         0.34413       -0.376386 
        36.6892        0.894019         0.30187       -0.356139 
        38.9461        0.902207        0.292752       -0.362822 
        37.4947        0.912837        0.308802       -0.382995 
        36.6569         0.91126        0.328154       -0.388135 
        39.4206        0.914961        0.321322        -0.38343 
        41.3695        0.913382        0.292719       -0.372908 
        36.6728        0.906056        0.324742       -0.377991 
        36.6121        0.902134        0.336833       -0.379069 
        36.4009        0.901957        0.311086       -0.370003 
        36.8755        0.904889        0.329474       -0.384905 
        35.4702        0.894391        0.319641       -0.365738 
         36.613        0.897648        0.328691       -0.376326 
         37.074        0.896753        0.300487       -0.361919 
        44.3103        0.900127        0.282453       -0.366301 
        40.7586        0.901694        0.304361       -0.359235 
        40.0954        0.899228        0.285519       -0.359089 
        41.0488         0.89398        0.354066       -0.368378 
        39.3456        0.885526        0.331671        -0.36712 
        37.8093        0.880133        0.352013       -0.353779 
        36.9199        0.867633         0.35123        -0.33707 
        34.3656        0.858645        0.316281       -0.320325 
        34.3501        0.852691        0.332835       -0.308285 
        33.7965        0.865238        0.313014       -0.324757 
        34.5496        0.864329         0.30303       -0.315395 
        35.6519        0.852789        0.293951       -0.292438 
        33.2115        0.854883        0.321418       -0.312167 
         37.792        0.857114        0.345772       -0.331189 
        40.3754        0.858995        0.367246       -0.338186 
        35.0284        0.856985        0.334298       -0.324226 
        42.1013        0.858673        0.359287       -0.319256 
        40.4795        0.869382        0.366573       -0.352054 
        41.4179        0.867554        0.365184       -0.351833 
        35.1172        0.862654        0.318091        -0.32782 
        35.7802        0.870115        0.310521       -0.322833 
        33.6501        0.861987        0.313075       -0.317105 
         34.953        0.870009          0.3122       -0.334433 
        36.8507         0.86819        0.296003       -0.327638 
        39.1889        0.863089        0.272019       -0.305495 
        38.5633        0.865531        0.277994       -0.314391 
         38.765        0.871739        0.282371       -0.315953 
        34.7952        0.875662        0.329396       -0.346141 
        37.7249        0.878376        0.332922       -0.340261 
         36.068        0.876881        0.303335       -0.340739 
        36.8519        0.879749        0.315214       -0.336658 
        38.8528        0.879485        0.342242       -0.344728 
        40.0653        0.879103        0.325295       -0.335278 
        36.5979        0.892582        0.327885       -0.370418 
        37.6009        0.900331        0.347393        -0.38142 
        40.4462        0.902054        0.293961       -0.358469 
        39.4102        0.891991        0.298451       -0.346294 
        40.7546        0.895439        0.328419       -0.379564 
        35.6306        0.895863        0.316182       -0.364577 
         37.108        0.895829        0.330586       -0.364907 
         35.394        0.887784        0.332389       -0.361782 
         37.988        0.873177        0.338919       -0.351681 
        36.0494        0.885476        0.307047       -0.344671 
        35.3886        0.880489        0.335755       -0.350255 
        35.5343        0.874635        0.328432       -0.346975 
         37.432         0.86837        0.293804       -0.313684 
        37.4668        0.871615        0.283879       -0.322729 
        35.5974        0.877631        0.319418       -0.348054 
        34.6713        0.877286        0.324744       -0.341675 
        39.3525        0.881347        0.321193       -0.358638 
        38.8789        0.874689        0.328965        -0.35224 
        37.5061        0.876354         0.35451       -0.352741 
        34.6862        0.873947        0.317229       -0.340483 
        36.4464        0.865152        0.300488       -0.311598 
        41.3603         0.85471        0.360714        -0.33434 
        35.0587        0.857793          0.3303       -0.324696 
        34.0596        0.857622        0.330037       -0.315592 
        33.1855        0.854062        0.309891       -0.306502 
        35.8221         0.85766        0.312123       -0.304197 
        33.5218        0.851094        0.325562       -0.304494 
        35.2725        0.856986        0.313539       -0.304558 
        38.1634        0.854348        0.293726       -0.290722 
        40.5441        0.868938        0.336761       -0.324875 
        34.9047        0.866133        0.338382       -0.335342 
        38.0899        0.869388        0.340816       -0.330471 
        35.7063        0.858872        0.332619       -0.327919 
        33.8197        0.856124        0.328783       -0.313434 
        34.6086        0.851726        0.318722       -0.312458 
        33.3925         0.85529        0.325611       -0.312831 
        35.8542        0.854111         0.34862       -0.317353 
        35.5119        0.849492        0.343973       -0.315836 
        34.2232        0.848195        0.311973        -0.30441 
        32.9963        0.846642        0.313011       -0.293795 
        32.7675        0.839879        0.307656         -0.2816 
        33.4811        0.843844        0.333597       -0.300209 
        33.6059        0.848955        0.329826        -0.30318 
        37.0627        0.845855        0.357542       -0.308181 
        32.3643        0.837498        0.315863       -0.282759 
        35.2922        0.835498        0.295382       -0.264796 
        33.3641        0.835096        0.300863        -0.26958 
        32.2823        0.825686        0.325568       -0.268176 
        39.2997        0.831903        0.335254       -0.268022 
        42.4988        0.825424        0.353591       -0.262625 
        35.1578        0.829124        0.306881       -0.276555 
        33.7367        0.842054        0.293586       -0.284681 
         32.693        0.843741        0.315321       -0.294389 
        33.1128        0.848286        0.307292         -0.2988 
        38.5646        0.850673        0.335798       -0.299155 
        41.7779        0.842719        0.267313       -0.283404 
        36.2866        0.843238        0.309041       -0.279745 
        39.8267        0.854819        0.275601       -0.302366 
        41.2188        0.851644        0.282149       -0.304153 
         37.058        0.852794        0.303653       -0.311808 
        33.3877        0.854906        0.306753       -0.305403 
        35.1952        0.857242        0.327251       -0.323542 
         34.441        0.858175        0.301194       -0.312713 
        35.6444        0.867168        0.328756       -0.337863 
        38.3124        0.875028        0.342141       -0.339058 
        35.2031        0.861986        0.336556       -0.322645 
        33.8554        0.857597        0.331892       -0.318639 
        33.7623        0.859727        0.321855       -0.315838 
         35.529          0.8685        0.321118       -0.324412 
        35.5572        0.877149        0.316086        -0.34612 
        37.5916        0.888162        0.349972       -0.369813 
        35.4882        0.885416        0.334108       -0.360114 
        41.5508        0.891027        0.335491       -0.377158 
        36.0778        0.872423        0.346052        -0.34648 
        35.0718        0.862273        0.311684       -0.324772 
        33.9222        0.863575        0.328881       -0.326008 
        35.1785        0.863245        0.323039       -0.330314 
        36.8616        0.859881        0.324283       -0.310492 
        33.8106        0.860993        0.314282       -0.320802 
         34.873        0.873004        0.310826       -0.337127 
          34.44        0.865939        0.317884       -0.330362 
        35.4868        0.874244        0.307615       -0.338618 
        34.5869        0.867312        0.326835       -0.335065 
        33.7341        0.862245        0.324629       -0.321768 
        34.4939        0.863919        0.335952       -0.330702 
        33.7785        0.855631        0.328785       -0.312824 
        34.4591        0.843233        0.292796       -0.279345 
        35.1867        0.839681        0.280722       -0.275774 
        33.1231        0.847385        0.320466       -0.302908 
        33.9809        0.842294          0.2899       -0.281979 
        33.5546        0.843829        0.308829       -0.285759 
        35.4564        0.847121        0.325945       -0.293568 
        35.7391        0.845884        0.334525       -0.310362 
        33.3769        0.844568        0.325699       -0.301239 
        32.5202        0.836513        0.307647         -0.2769 
        33.4495        0.847779        0.328618       -0.301164 
        35.9032        0.851075        0.326319       -0.299215 
        37.9157        0.854761        0.353065       -0.315887 
        35.1316        0.854008        0.331129       -0.319902 
        38.4451        0.852492        0.347508       -0.325987 
        33.9771        0.852233        0.318359       -0.301561 
         34.688        0.852996        0.337331       -0.310575 
        34.7815        0.843756        0.338719       -0.305774 
        35.7635        0.850662        0.292743       -0.288567 
        37.9362        0.862166        0.328962       -0.334724 
         34.843         0.87246        0.331519       -0.337042 
        36.4694        0.868962        0.350047       -0.340438 
        35.8112        0.868819         0.31129       -0.321033 
        34.7742        0.873357        0.331619       -0.343609 
        40.9091        0.873858        0.357242       -0.359097 
         37.221        0.872954        0.303977        -0.32293 
        35.1353        0.878294        0.325478       -0.341863 
        34.9343         0.86851        0.315261       -0.333832 
        35.7823        0.862109        0.345211       -0.333221 
        42.7136        0.870141         0.37391        -0.34569 
        34.8057          0.8659        0.338566       -0.332674 
        34.1127        0.867008        0.329492        -0.33113 
        39.5348        0.875958        0.308185        -0.32547 
        34.7746        0.863479        0.339182        -0.32936 
        38.5052        0.862582         0.35934       -0.339819 
        37.4135        0.859953        0.319947       -0.308173 
        37.1764        0.847499        0.335383       -0.315052 
        33.0628        0.845427         0.32426       -0.300683 
        43.9817        0.838409        0.375393       -0.314763 
        39.8815        0.845328        0.361818       -0.303391 
        37.2302        0.849146        0.323146       -0.314232 
        37.3753        0.850023        0.295975       -0.285447 
        35.5934        0.846506        0.281048       -0.284039 
         35.121        0.851684        0.337879       -0.307538 
        35.0902        0.845539        0.287572       -0.281432 
        33.4402        0.845646        0.316537       -0.300626 
        33.0641        0.841105        0.324887       -0.289319 
        33.2489        0.848112        0.307784       -0.299607 
        33.9402        0.848195        0.325185       -0.307901 
        35.5198        0.853063        0.287965        -0.30028 
        33.8459         0.85802        0.330491       -0.317838 
        33.6145        0.856319        0.329336       -0.316314 
        33.7881        0.852981        0.330939       -0.314436 
        33.4066        0.845371        0.332173       -0.300637 
        33.0971        0.852984        0.317345       -0.308551 
        32.8767        0.842061        0.315907       -0.287444 
        32.0742        0.828429        0.315288       -0.267378 
         31.645        0.809974         0.31759       -0.241709 
        32.5141        0.817265        0.326645       -0.251181 
        31.5875         0.80489        0.293282       -0.220676 
        31.7295         0.80215        0.326028       -0.227982 
        34.1456        0.796397        0.312359       -0.202887 
        36.1538        0.790688        0.252608       -0.180641 
        36.1046        0.798373        0.315398       -0.204843 
        36.5825        0.809266        0.271277       -0.212339 
         34.206        0.807461        0.309123       -0.221921 
        32.5214         0.79891        0.298341       -0.205981 
         33.715        0.788843        0.294234       -0.203221 
        30.6462        0.782914        0.308938       -0.185622 
        32.3372        0.777735        0.312677       -0.186853 
         31.238        0.792179        0.311906       -0.201896 
        31.5683        0.784382        0.326368       -0.198343 
        31.3188        0.777811        0.314828       -0.174567 
        31.8115        0.778042        0.331401       -0.185213 
        32.6641        0.780681        0.326235        -0.18212 
        36.1011        0.787032        0.357333       -0.216424 
        31.1494        0.792861        0.304487       -0.200675 
         31.233        0.784973         0.30398        -0.18453 
        30.9174        0.779686        0.303531       -0.175007 
        32.0317        0.777757        0.276598       -0.161756 
        35.5624        0.772722        0.283562       -0.144815 
        31.0007        0.774133        0.301581       -0.172939 
        32.9267        0.773591        0.283934       -0.169286 
        31.7401        0.776875        0.327752       -0.185517 
        33.4196        0.770225        0.345426       -0.174104 
        31.4187        0.766551        0.321706       -0.164268 
        32.6333        0.768005        0.268159       -0.138382 
        31.1111        0.765687        0.307957       -0.159093 
        31.2694        0.769577        0.307105       -0.166947 
        30.8468        0.767175        0.313793       -0.154247 
        31.3483        0.769259        0.304875       -0.152597 
        32.4811        0.774323        0.326858       -0.183511 
        30.8635         0.76336        0.303952       -0.152517 
        33.7486        0.761656        0.335528       -0.162555 
        32.9048        0.753493        0.328398       -0.142952 
        30.9358        0.756222        0.321649       -0.140601 
        32.6425        0.750682        0.321258       -0.117197 
        33.4366        0.741429        0.324235      -0.0962597 
        33.5067        0.743092        0.321269       -0.098374 
        31.6926        0.743273        0.283954       -0.105962 
        30.1179        0.738619         0.28163      -0.0889747 
         30.718        0.743263         0.28164       -0.090557 
        32.0816        0.750356        0.261646       -0.100852 
        30.1797         0.75111        0.283984       -0.115775 
        30.7671        0.750565        0.277836       -0.114736 
        32.0641        0.749326         0.30422       -0.127144 
        30.3725        0.739697        0.315466      -0.0988946 
        30.8132        0.736273        0.286676      -0.0894515 
        29.9777        0.729686        0.289542       -0.072457 
        31.6258        0.734653        0.286766      -0.0689453 
        33.9916        0.726217        0.236756      -0.0367707 
        33.3173        0.724366        0.294692      -0.0709058 
        34.8189        0.732177        0.349376        -0.08748 
        35.4946        0.725477         0.35106      -0.0872201 
        31.6622        0.717387        0.326625      -0.0559072 
        30.2543        0.716814        0.270625      -0.0258107 
        31.5337        0.719608        0.300959      -0.0379718 
        30.8795        0.726068        0.261909      -0.0525814 
        29.8834        0.725732        0.276396      -0.0558659 
        31.2654        0.724249        0.256533      -0.0403866 
        31.3657        0.725172         0.26073      -0.0524911 
        32.6893        0.720539        0.254773       -0.042605 
        33.9812        0.723898        0.288488      -0.0387543 
        31.9691        0.724728        0.251891       -0.038359 
        32.7434        0.715318        0.238406      -0.0140617 
        29.9736        0.720373        0.270358      -0.0383784 
        34.8692        0.718737        0.281203      -0.0552469 
        29.7142        0.727979        0.300043      -0.0693862 
        32.2657        0.743083        0.269132       -0.082946 
        36.4613        0.730814         0.32902      -0.0684197 
        30.5415        0.724541        0.318015       -0.064422 
        30.7108        0.723884        0.320724      -0.0647853 
        29.7956        0.724772        0.303848      -0.0628114 
        31.8331        0.725558        0.250521      -0.0427059 
        32.0119        0.713017        0.267066     -0.00898672 
        35.7344        0.704507        0.321933       -0.033166 
        31.2786        0.702863        0.282622     -0.00939781 
        34.9451        0.703522        0.289019      -0.0205329 
        31.6062         0.71746        0.267794      -0.0217443 
        32.2696        0.714497        0.286958       -0.042545 
        35.2136        0.721903        0.229219       -0.032815 
        33.0292        0.725846        0.276487      -0.0415405 
        32.9844         0.72882        0.250157      -0.0586359 
        34.4614         0.72035        0.238334       -0.035488 
        29.5017        0.713247        0.293625      -0.0282827 
        30.4809        0.717242        0.298781      -0.0344602 
        31.2954        0.717089        0.313421      -0.0384716 
        30.9476         0.71463        0.312572      -0.0331928 
        32.7417        0.713532        0.335544      -0.0500326 
        30.1034        0.716236        0.308698      -0.0449807 
        32.9563        0.706777        0.293467      -0.0268603 
        34.7087        0.711102         0.30205      -0.0103463 
         33.081        0.720457        0.247047      -0.0382427 
        29.7332        0.716139        0.275718      -0.0284198 
        34.1156        0.712606        0.256789    -0.000957472 
        31.5884         0.71709         0.25214      -0.0198438 
        30.8398        0.728046        0.296746      -0.0745385 
         30.139        0.732159        0.306785      -0.0764052 
        30.5276        0.730732        0.285185      -0.0754677 
        39.3152        0.735504        0.243634      -0.0476458 
        31.5259        0.733838        0.287383      -0.0863292 
        29.8852        0.747807        0.301212        -0.11203 
        34.6305        0.745569        0.332156       -0.107301 
        30.0393        0.744871        0.308912       -0.109595 
        30.0949        0.751308        0.302761       -0.118568 
        33.5425        0.754493        0.315528       -0.120844 
        30.8585        0.760983         0.28026       -0.130482 
        32.9827        0.752707        0.307737       -0.114686 
        30.5933        0.751062          0.2775       -0.114266 
        29.8503        0.744905        0.295976       -0.103105 
         34.235        0.752139        0.276177       -0.126036 
        32.7658        0.748687        0.341214       -0.127822 
        33.2862        0.742639        0.283859       -0.107896 
        30.6391        0.750968         0.27477       -0.109739 
        30.9713         0.75062        0.276492       -0.105875 
        31.8281        0.752533        0.316715       -0.136402 
        31.2908        0.748712        0.304029       -0.108297 
        30.6354        0.748724         0.31335        -0.12345 
        30.2453        0.744176        0.286864       -0.104255 
        33.1138        0.748681        0.343846       -0.128579 
        32.8915        0.741598        0.340728       -0.109848 
         33.027        0.722645        0.310949      -0.0709151 
        38.3866        0.726681        0.315724      -0.0897666 
        32.7776        0.723995         0.24401      -0.0416855 
        30.1861         0.73193        0.287365      -0.0776803 
        30.9107         0.71524        0.255013      -0.0193557 
        30.4315        0.704886        0.284166      -0.0125571 
        31.3614        0.712903        0.301851      -0.0219878 
        33.4856        0.715806        0.280098      -0.0165805 
        33.4668        0.719114        0.239229      -0.0299932 
         30.904        0.719947        0.322815      -0.0555097 
         32.711        0.729212        0.292527      -0.0554734 
        33.5636        0.733138        0.294168      -0.0638232 
        36.8161        0.719618        0.303886      -0.0677954 
         30.334        0.722899          0.2721      -0.0501541 
        32.8831        0.727791        0.245363      -0.0434837 
        30.5809        0.726056        0.264301      -0.0485832 
        30.5946        0.725503        0.285255      -0.0494675 
        29.8988        0.730257        0.277019      -0.0644072 
        30.3206        0.739668        0.279995      -0.0914917 
        31.1251        0.724253        0.265134      -0.0403331 
        31.4971        0.735275        0.308269      -0.0960875 
        29.9019         0.73105        0.285194      -0.0662845 
        30.3359        0.732785        0.284693       -0.079093 
        29.9539        0.745521        0.286278       -0.101485 
         33.475        0.760527        0.256336       -0.127931 
        32.4698         0.75819        0.275508       -0.117797 
        32.6628        0.750195        0.270547       -0.116026 
        32.1484         0.74882        0.332998       -0.122327 
        33.6528          0.7509        0.347619       -0.134432 
        30.0879        0.749253        0.307627       -0.116925 
        32.8953         0.74148        0.256909      -0.0763429 
        31.3893        0.733578        0.259202       -0.063543 
        30.9027         0.73134        0.286398      -0.0785993 
        31.5367        0.723454        0.311087        -0.06931 
        32.8773        0.715042        0.305546      -0.0508416 
        32.4192        0.706512        0.333606      -0.0306645 
        29.9574        0.703845        0.307583      -0.0105959 
        32.9238        0.705854        0.331509      -0.0156747 
        34.7026         0.70735         0.34836      -0.0398828 
         32.158        0.703941        0.310142       -0.022135 
         31.907        0.709872        0.242589     -0.00208901 
        33.7134        0.702425        0.254511     -0.00125433 
        37.2522        0.706652        0.248759      -0.0148839 
        33.3059        0.700848        0.279649     -0.00754426 
        36.0744         0.70676        0.256946      -0.0174317 
         31.512        0.704567        0.311135     -0.00456659 
        35.5823        0.701761        0.273597      -0.0113304 
        35.5225        0.705949        0.326503      -0.0066421 
        30.4822        0.702525        0.279211     -0.00478668 
        31.6664        0.706322        0.260422      -0.0091634 
        32.3582        0.698319        0.330021      -0.0092218 
        33.0931        0.695035        0.316931      -0.0019851 
        29.4754        0.702972        0.294618     -0.00404795 
        31.6452        0.712215        0.274624      -0.0306288 
        31.3883        0.711626        0.290408      -0.0139781 
        30.4075        0.702379        0.314675     -0.00976702 
        38.4445        0.703953        0.340764        -0.03923 
        34.9933        0.706315        0.330184      -0.0105867 
        32.0485        0.706879        0.333602      -0.0258766 
        31.4051        0.709096        0.325493      -0.0265866 
        32.4283        0.708343        0.282828      -0.0261175 
        30.2182        0.730366        0.271077      -0.0620083 
        29.9304        0.725092        0.275473      -0.0500586 
        29.9367        0.730339        0.281335      -0.0635907 
        35.3655        0.726259        0.308228      -0.0497988 
        31.8359        0.728944        0.308524      -0.0825164 
        30.4019        0.721113        0.297977      -0.0570223 
        30.4013        0.726882        0.278003      -0.0517779 
        34.0724        0.717298        0.291314      -0.0542215 
        33.1606          0.7173        0.340973      -0.0514476 
        33.2898         0.72249        0.339807      -0.0739097 
        31.1207        0.717955        0.324471      -0.0538898 
        29.8789        0.722606        0.279074      -0.0508089 
        31.3428        0.726266        0.255068      -0.0482534 
        30.0889        0.741882        0.310164       -0.102356 
        30.3046        0.747317        0.300211       -0.107172 
        29.9848        0.750736        0.288857       -0.114057 
        34.0949         0.74539        0.243306      -0.0880885 
        33.8355        0.746771         0.30325        -0.12476 
        31.6201        0.754405        0.280965       -0.112753 
        30.4301        0.752282        0.314059        -0.12516 
        31.7064        0.750689        0.315548       -0.131951 
        37.3029        0.744556        0.356342       -0.134915 
        38.3084        0.752053        0.359656       -0.152991 
         33.467         0.75057        0.340709       -0.138515 
        34.3494        0.756237         0.34911       -0.152174 
         35.506        0.758039        0.336131         -0.1588 
        34.3227        0.770101        0.327108       -0.157706 
         35.076        0.770052        0.256187       -0.135846 
        32.7476         0.78075        0.328742       -0.196625 
        31.5644        0.777267        0.290751       -0.175989 
        32.8654        0.776306        0.289219       -0.176717 
        35.3248        0.768667        0.334351        -0.17962 
        33.6785        0.773299        0.339085       -0.172552 
        34.9293        0.776674        0.256514       -0.150907 
        34.2466        0.782053        0.268876       -0.163567 
        34.3516        0.782276        0.269499       -0.163813 
        33.8443        0.782502        0.268032       -0.165595 
        33.7858        0.753695        0.310364       -0.116437 
        32.9402        0.751225        0.286861       -0.104103 
        33.1275        0.760344         0.34049       -0.157596 
        33.3331        0.762498         0.32832        -0.14465 
        30.6753        0.764657        0.306193       -0.145938 
        31.3004        0.761648        0.321418       -0.153942 
        32.6351        0.775383         0.31073       -0.182514 
        31.0618         0.76473        0.318211       -0.150704 
        32.5253        0.768869         0.32813       -0.173164 
        31.2682        0.769042         0.29466       -0.148877 
        30.9694        0.767211        0.298232       -0.147134 
        30.5589        0.757456        0.279199        -0.12592 
        31.4286        0.771233        0.275462       -0.151487 
         31.038        0.760065        0.284649       -0.138674 
        30.5526        0.759485        0.302533       -0.143143 
        32.7444        0.752983        0.329333       -0.141523 
         31.657        0.760186        0.277829       -0.137233 
        30.4372        0.758609        0.282203       -0.128705 
        30.0219        0.757705        0.303267       -0.135424 
         30.033        0.756043        0.297453        -0.13138 
         31.436        0.760874        0.272842        -0.12737 
        31.5015        0.763762        0.320572       -0.158976 
        32.3272        0.768993        0.290299       -0.144716 
        31.1427         0.77342        0.283298       -0.156618 
        34.1477        0.758526        0.318828       -0.129907 
        34.5502          0.7653         0.33301       -0.150445 
        33.8278        0.754593        0.345828       -0.138566 
        30.2694        0.751988        0.312454       -0.127229 
        32.1791        0.749876         0.25857       -0.103742 
        30.2117        0.746015        0.312641       -0.113055 
         33.304        0.742298        0.324027      -0.0984169 
        32.5385        0.751483        0.263879       -0.113997 
        32.1333        0.738467        0.256045      -0.0722969 
        31.1514        0.723695        0.313152      -0.0550481 
        33.7324        0.718682        0.341233      -0.0661264 
        37.4775        0.715234        0.358529      -0.0456322 
        35.1328        0.728091        0.302741      -0.0850644 
        30.7211        0.706664        0.317265       -0.017774 
        30.2747        0.716013        0.277573      -0.0248094 
        29.4601        0.712489        0.288402      -0.0243819 
        30.4612        0.711712        0.301358      -0.0217843 
        32.4182        0.722446        0.322771      -0.0533755 
        31.2328        0.717982        0.260759      -0.0357494 
        32.5146        0.718406        0.315699      -0.0605421 
        34.7145        0.719822         0.35436      -0.0647649 
        33.2232        0.726411        0.265416      -0.0398062 
        35.2984        0.734722        0.279757      -0.0600035 
        29.6778         0.73804        0.293655      -0.0887161 
        30.3621        0.734381        0.307884      -0.0898823 
        30.0324        0.732617        0.309482      -0.0830328 
        34.9526        0.742558        0.280907      -0.0792146 
        35.7525        0.727131        0.233266      -0.0330034 
        35.4829        0.731122        0.264582      -0.0469757 
        30.1576        0.729936        0.275799      -0.0604797 
        31.3558        0.723043        0.289256      -0.0617836 
        29.5544        0.722961        0.290082      -0.0507277 
        30.7173        0.718963        0.259042      -0.0329118 
        31.4497        0.721018        0.269008      -0.0484334 
         33.428        0.716101        0.271175      -0.0148162 
        33.6976        0.715279          0.3341      -0.0578858 
         29.753        0.709283        0.290324      -0.0226863 
        32.8335         0.70649        0.255959       -0.010233 
        32.9346        0.699544        0.282546     -0.00450707 
        29.8659        0.702213        0.304644     -0.00337495 
        30.4871        0.701759        0.297762     -0.00868995 
        29.6342         0.71309        0.289366      -0.0243628 
        30.2994        0.715862        0.263127      -0.0264993 
        29.4864        0.709119        0.288393      -0.0151034 
        29.4701        0.716877        0.285213      -0.0360665 
        31.4679         0.71344         0.31141      -0.0276582 
        31.5744         0.71026        0.329509      -0.0347015 
        33.2302        0.714823        0.323021      -0.0324826 
        29.9408         0.72026        0.307702      -0.0530922 
        29.7129        0.723035        0.302006      -0.0556195 
        32.6433        0.719189        0.320879      -0.0635962 
         33.042        0.719448        0.322267      -0.0440692 
        40.6005         0.71336        0.318829      -0.0149258 
        29.3964        0.708949        0.285335      -0.0160062 
        30.2341        0.708222        0.310719       -0.020045 
        30.6328        0.718255         0.29437      -0.0499385 
        32.1899        0.710242        0.264098      -0.0221787 
        36.5676        0.717712        0.341095      -0.0707261 
        30.8325        0.724135        0.318222      -0.0608713 
        29.5513        0.718201        0.280725      -0.0375302 
        30.3308        0.722269        0.269468       -0.039533 
         30.035        0.720555        0.306878      -0.0551697 
        30.5421        0.723712        0.313739      -0.0583007 
         29.836        0.725765        0.302533      -0.0609217 
        34.6542        0.729351        0.305499      -0.0572818 
        33.7722        0.717031         0.23306      -0.0197543 
        34.8412        0.713834        0.242001    -0.000387547 
        34.9622        0.714776        0.224631      -0.0106979 
         30.891         0.72068         0.25727      -0.0353448 
